  32  32
  0.99909853E+00  0.99970473E+00
  0.00000000E+00  0.00000000E+00  0.12880611E+00  0.18629808E+00
  0.00000000E+00  0.32258065E-01  0.40195262E+00  0.11473163E+00
  0.00000000E+00  0.64516129E-01  0.11364532E+00  0.29120402E+00
  0.00000000E+00  0.96774194E-01  0.88683368E+00  0.75920037E+00
  0.00000000E+00  0.12903226E+00  0.19625436E+00  0.30955090E+00
  0.00000000E+00  0.16129032E+00  0.48163808E+00  0.65330729E+00
  0.00000000E+00  0.19354839E+00  0.84929535E+00  0.98182606E+00
  0.00000000E+00  0.22580645E+00  0.48708122E+00  0.53905899E+00
  0.00000000E+00  0.25806452E+00  0.91773877E+00  0.83105059E+00
  0.00000000E+00  0.29032258E+00  0.21562170E+00  0.97642557E-01
  0.00000000E+00  0.32258065E+00  0.31179561E+00  0.67138531E+00
  0.00000000E+00  0.35483871E+00  0.51251842E+00  0.84865652E+00
  0.00000000E+00  0.38709677E+00  0.35609948E+00  0.89798671E+00
  0.00000000E+00  0.41935484E+00  0.93313775E+00  0.83059183E+00
  0.00000000E+00  0.45161290E+00  0.79513876E+00  0.55811293E+00
  0.00000000E+00  0.48387097E+00  0.57651061E+00  0.62562800E-01
  0.00000000E+00  0.51612903E+00  0.45493872E+00  0.20347969E+00
  0.00000000E+00  0.54838710E+00  0.57513964E+00  0.78728805E+00
  0.00000000E+00  0.58064516E+00  0.56099364E+00  0.52386627E+00
  0.00000000E+00  0.61290323E+00  0.24105630E+00  0.49532150E+00
  0.00000000E+00  0.64516129E+00  0.71244895E+00  0.76197145E+00
  0.00000000E+00  0.67741935E+00  0.86812802E+00  0.73053329E+00
  0.00000000E+00  0.70967742E+00  0.51253336E+00  0.90951948E+00
  0.00000000E+00  0.74193548E+00  0.19061533E+00  0.67684075E+00
  0.00000000E+00  0.77419355E+00  0.85524098E+00  0.68461602E+00
  0.00000000E+00  0.80645161E+00  0.49797896E+00  0.52618938E+00
  0.00000000E+00  0.83870968E+00  0.86826346E+00  0.29035412E+00
  0.00000000E+00  0.87096774E+00  0.40593699E+00  0.62778377E+00
  0.00000000E+00  0.90322581E+00  0.51217210E+00  0.95467016E+00
  0.00000000E+00  0.93548387E+00  0.28377198E+00  0.41856857E+00
  0.00000000E+00  0.96774194E+00  0.83585000E+00  0.25144981E+00
  0.00000000E+00  0.10000000E+01  0.33788812E+00  0.13495946E+00
  0.32258065E-01  0.00000000E+00  0.67192582E-01  0.39481325E+00
  0.32258065E-01  0.32258065E-01  0.93174233E+00  0.56495960E+00
  0.32258065E-01  0.64516129E-01  0.98466322E+00  0.39414480E+00
  0.32258065E-01  0.96774194E-01  0.67072702E+00  0.47557305E+00
  0.32258065E-01  0.12903226E+00  0.47514169E+00  0.48944769E+00
  0.32258065E-01  0.16129032E+00  0.81546002E+00  0.46784278E+00
  0.32258065E-01  0.19354839E+00  0.72889845E+00  0.44437979E-01
  0.32258065E-01  0.22580645E+00  0.48006600E+00  0.31411672E+00
  0.32258065E-01  0.25806452E+00  0.21410338E+00  0.92742762E+00
  0.32258065E-01  0.29032258E+00  0.78023230E+00  0.44909236E-01
  0.32258065E-01  0.32258065E+00  0.85071487E+00  0.77627804E+00
  0.32258065E-01  0.35483871E+00  0.46022317E+00  0.72947974E+00
  0.32258065E-01  0.38709677E+00  0.90619032E-01  0.29460379E+00
  0.32258065E-01  0.41935484E+00  0.42614388E+00  0.28766129E+00
  0.32258065E-01  0.45161290E+00  0.90401884E+00  0.57922610E+00
  0.32258065E-01  0.48387097E+00  0.18545489E+00  0.33293924E+00
  0.32258065E-01  0.51612903E+00  0.67207329E+00  0.47887657E+00
  0.32258065E-01  0.54838710E+00  0.19273603E+00  0.46779798E-01
  0.32258065E-01  0.58064516E+00  0.98578657E+00  0.98415071E+00
  0.32258065E-01  0.61290323E+00  0.10170063E+00  0.84208698E-01
  0.32258065E-01  0.64516129E+00  0.35114720E+00  0.64871160E+00
  0.32258065E-01  0.67741935E+00  0.92345970E+00  0.51063977E+00
  0.32258065E-01  0.70967742E+00  0.80051723E+00  0.41743488E-01
  0.32258065E-01  0.74193548E+00  0.91036086E-01  0.76995358E+00
  0.32258065E-01  0.77419355E+00  0.41027135E+00  0.23165540E+00
  0.32258065E-01  0.80645161E+00  0.43012864E+00  0.68382603E+00
  0.32258065E-01  0.83870968E+00  0.72468608E+00  0.30103477E+00
  0.32258065E-01  0.87096774E+00  0.36126355E-01  0.48230696E+00
  0.32258065E-01  0.90322581E+00  0.86078947E-01  0.89285102E+00
  0.32258065E-01  0.93548387E+00  0.57372549E-01  0.86564880E+00
  0.32258065E-01  0.96774194E+00  0.87119760E+00  0.78790921E+00
  0.32258065E-01  0.10000000E+01  0.38467901E+00  0.97385140E-01
  0.64516129E-01  0.00000000E+00  0.24177715E+00  0.67889195E+00
  0.64516129E-01  0.32258065E-01  0.79334983E+00  0.50566582E-01
  0.64516129E-01  0.64516129E-01  0.17698325E+00  0.31486824E+00
  0.64516129E-01  0.96774194E-01  0.90355986E+00  0.30067023E+00
  0.64516129E-01  0.12903226E+00  0.44361377E+00  0.12568970E+00
  0.64516129E-01  0.16129032E+00  0.11193048E+00  0.96119146E+00
  0.64516129E-01  0.19354839E+00  0.61083796E+00  0.16046122E+00
  0.64516129E-01  0.22580645E+00  0.35718913E+00  0.37604840E+00
  0.64516129E-01  0.25806452E+00  0.71803577E+00  0.29077850E+00
  0.64516129E-01  0.29032258E+00  0.27999385E+00  0.58753496E+00
  0.64516129E-01  0.32258065E+00  0.27730022E+00  0.78281059E+00
  0.64516129E-01  0.35483871E+00  0.30356078E+00  0.54902844E+00
  0.64516129E-01  0.38709677E+00  0.43218994E+00  0.15063237E+00
  0.64516129E-01  0.41935484E+00  0.87054160E+00  0.61894696E+00
  0.64516129E-01  0.45161290E+00  0.27273149E+00  0.29080711E+00
  0.64516129E-01  0.48387097E+00  0.83615093E+00  0.33595704E+00
  0.64516129E-01  0.51612903E+00  0.30667193E+00  0.89821895E+00
  0.64516129E-01  0.54838710E+00  0.17543819E-01  0.47543108E+00
  0.64516129E-01  0.58064516E+00  0.86981161E-01  0.16315544E+00
  0.64516129E-01  0.61290323E+00  0.89944316E+00  0.38715493E+00
  0.64516129E-01  0.64516129E+00  0.99560441E+00  0.74964009E+00
  0.64516129E-01  0.67741935E+00  0.49601712E+00  0.61428535E+00
  0.64516129E-01  0.70967742E+00  0.18346467E+00  0.55014818E-01
  0.64516129E-01  0.74193548E+00  0.36900663E+00  0.79355757E+00
  0.64516129E-01  0.77419355E+00  0.66671514E+00  0.75077253E+00
  0.64516129E-01  0.80645161E+00  0.80210276E+00  0.83674280E+00
  0.64516129E-01  0.83870968E+00  0.57924165E+00  0.60463961E+00
  0.64516129E-01  0.87096774E+00  0.13157422E+00  0.39335573E+00
  0.64516129E-01  0.90322581E+00  0.58141513E+00  0.58390846E+00
  0.64516129E-01  0.93548387E+00  0.23314477E+00  0.59461209E+00
  0.64516129E-01  0.96774194E+00  0.42509404E+00  0.24002000E+00
  0.64516129E-01  0.10000000E+01  0.16512065E+00  0.78636137E-01
  0.96774194E-01  0.00000000E+00  0.88755585E+00  0.18615394E+00
  0.96774194E-01  0.32258065E-01  0.86114096E+00  0.42141285E+00
  0.96774194E-01  0.64516129E-01  0.82828198E+00  0.50166722E+00
  0.96774194E-01  0.96774194E-01  0.35217823E+00  0.45227700E+00
  0.96774194E-01  0.12903226E+00  0.33490845E-01  0.77117528E+00
  0.96774194E-01  0.16129032E+00  0.18853676E+00  0.73893637E+00
  0.96774194E-01  0.19354839E+00  0.95570549E+00  0.50276975E+00
  0.96774194E-01  0.22580645E+00  0.95509842E+00  0.55943973E+00
  0.96774194E-01  0.25806452E+00  0.62639088E+00  0.26211095E+00
  0.96774194E-01  0.29032258E+00  0.36991677E+00  0.97611960E+00
  0.96774194E-01  0.32258065E+00  0.61597591E+00  0.50867051E+00
  0.96774194E-01  0.35483871E+00  0.94736402E+00  0.43745992E+00
  0.96774194E-01  0.38709677E+00  0.40012535E+00  0.96322411E+00
  0.96774194E-01  0.41935484E+00  0.67527994E-01  0.91121376E+00
  0.96774194E-01  0.45161290E+00  0.13226183E+00  0.50659412E+00
  0.96774194E-01  0.48387097E+00  0.45185913E+00  0.54877095E+00
  0.96774194E-01  0.51612903E+00  0.82233783E+00  0.60964227E+00
  0.96774194E-01  0.54838710E+00  0.45067424E-01  0.88077581E+00
  0.96774194E-01  0.58064516E+00  0.92185760E+00  0.29451236E+00
  0.96774194E-01  0.61290323E+00  0.30326941E+00  0.54399478E+00
  0.96774194E-01  0.64516129E+00  0.31514920E+00  0.62712289E+00
  0.96774194E-01  0.67741935E+00  0.88838513E+00  0.53943410E+00
  0.96774194E-01  0.70967742E+00  0.71688642E+00  0.74090978E+00
  0.96774194E-01  0.74193548E+00  0.76878514E+00  0.21707515E-01
  0.96774194E-01  0.77419355E+00  0.47586079E+00  0.39181902E+00
  0.96774194E-01  0.80645161E+00  0.72618742E+00  0.61965393E+00
  0.96774194E-01  0.83870968E+00  0.78500351E+00  0.44549339E-01
  0.96774194E-01  0.87096774E+00  0.26880440E+00  0.28820509E+00
  0.96774194E-01  0.90322581E+00  0.29765747E+00  0.49004491E+00
  0.96774194E-01  0.93548387E+00  0.95073991E+00  0.69150325E+00
  0.96774194E-01  0.96774194E+00  0.15009920E+00  0.99423800E+00
  0.96774194E-01  0.10000000E+01  0.97636167E-01  0.11726886E+00
  0.12903226E+00  0.00000000E+00  0.93802491E+00  0.72544286E+00
  0.12903226E+00  0.32258065E-01  0.98061623E+00  0.45679925E+00
  0.12903226E+00  0.64516129E-01  0.23371151E-01  0.29069321E+00
  0.12903226E+00  0.96774194E-01  0.83561406E+00  0.78525458E+00
  0.12903226E+00  0.12903226E+00  0.48075755E+00  0.49138756E+00
  0.12903226E+00  0.16129032E+00  0.87122075E+00  0.59299329E+00
  0.12903226E+00  0.19354839E+00  0.67735147E+00  0.12524413E-01
  0.12903226E+00  0.22580645E+00  0.71535233E+00  0.60687168E+00
  0.12903226E+00  0.25806452E+00  0.93921080E+00  0.78582617E-01
  0.12903226E+00  0.29032258E+00  0.16163304E+00  0.22741217E+00
  0.12903226E+00  0.32258065E+00  0.62898177E+00  0.16720542E+00
  0.12903226E+00  0.35483871E+00  0.57521801E+00  0.13311236E+00
  0.12903226E+00  0.38709677E+00  0.87984667E+00  0.50413458E+00
  0.12903226E+00  0.41935484E+00  0.95486611E+00  0.66600415E+00
  0.12903226E+00  0.45161290E+00  0.98572159E+00  0.33939440E+00
  0.12903226E+00  0.48387097E+00  0.65126262E+00  0.99846280E+00
  0.12903226E+00  0.51612903E+00  0.44770421E+00  0.47258644E-02
  0.12903226E+00  0.54838710E+00  0.74159204E+00  0.81266037E-01
  0.12903226E+00  0.58064516E+00  0.67677153E+00  0.75227069E+00
  0.12903226E+00  0.61290323E+00  0.60360821E-01  0.37290309E+00
  0.12903226E+00  0.64516129E+00  0.35272764E+00  0.37450541E+00
  0.12903226E+00  0.67741935E+00  0.88647012E+00  0.35013380E+00
  0.12903226E+00  0.70967742E+00  0.43940146E+00  0.60542546E+00
  0.12903226E+00  0.74193548E+00  0.28653855E+00  0.79979773E+00
  0.12903226E+00  0.77419355E+00  0.85609448E+00  0.30297927E+00
  0.12903226E+00  0.80645161E+00  0.11447495E+00  0.89187320E+00
  0.12903226E+00  0.83870968E+00  0.80527857E+00  0.41275233E+00
  0.12903226E+00  0.87096774E+00  0.66730112E+00  0.33786384E-01
  0.12903226E+00  0.90322581E+00  0.75654366E+00  0.71290128E+00
  0.12903226E+00  0.93548387E+00  0.99722458E+00  0.50597040E+00
  0.12903226E+00  0.96774194E+00  0.86795545E-01  0.34033798E+00
  0.12903226E+00  0.10000000E+01  0.87996134E+00  0.87867440E+00
  0.16129032E+00  0.00000000E+00  0.26820366E+00  0.58151109E+00
  0.16129032E+00  0.32258065E-01  0.51931012E+00  0.36244043E+00
  0.16129032E+00  0.64516129E-01  0.91925418E+00  0.23852007E+00
  0.16129032E+00  0.96774194E-01  0.34406766E-01  0.95916212E+00
  0.16129032E+00  0.12903226E+00  0.85438391E+00  0.81060810E+00
  0.16129032E+00  0.16129032E+00  0.84685823E+00  0.24416278E-01
  0.16129032E+00  0.19354839E+00  0.69840555E+00  0.87393727E+00
  0.16129032E+00  0.22580645E+00  0.86638674E+00  0.83777905E-01
  0.16129032E+00  0.25806452E+00  0.66864583E-01  0.17725340E+00
  0.16129032E+00  0.29032258E+00  0.82355596E+00  0.38682781E+00
  0.16129032E+00  0.32258065E+00  0.20281906E+00  0.75254274E+00
  0.16129032E+00  0.35483871E+00  0.85967579E+00  0.33434360E-01
  0.16129032E+00  0.38709677E+00  0.51986938E+00  0.56938703E-01
  0.16129032E+00  0.41935484E+00  0.22957104E-01  0.13128522E+00
  0.16129032E+00  0.45161290E+00  0.51438126E-01  0.14587863E+00
  0.16129032E+00  0.48387097E+00  0.67091658E+00  0.98466908E+00
  0.16129032E+00  0.51612903E+00  0.80629977E+00  0.87751052E+00
  0.16129032E+00  0.54838710E+00  0.77903148E+00  0.31450741E+00
  0.16129032E+00  0.58064516E+00  0.30360516E-01  0.14834973E+00
  0.16129032E+00  0.61290323E+00  0.15564438E+00  0.50963619E+00
  0.16129032E+00  0.64516129E+00  0.37468807E+00  0.16018580E+00
  0.16129032E+00  0.67741935E+00  0.56311805E+00  0.90933765E+00
  0.16129032E+00  0.70967742E+00  0.96979141E+00  0.71823908E+00
  0.16129032E+00  0.74193548E+00  0.74524015E+00  0.11712199E+00
  0.16129032E+00  0.77419355E+00  0.40615061E+00  0.56056756E+00
  0.16129032E+00  0.80645161E+00  0.36087808E+00  0.34575915E+00
  0.16129032E+00  0.83870968E+00  0.62099657E+00  0.71872356E+00
  0.16129032E+00  0.87096774E+00  0.82388372E+00  0.79356053E+00
  0.16129032E+00  0.90322581E+00  0.69134085E+00  0.90966050E+00
  0.16129032E+00  0.93548387E+00  0.49248231E-01  0.51910729E-01
  0.16129032E+00  0.96774194E+00  0.53325543E+00  0.95888960E+00
  0.16129032E+00  0.10000000E+01  0.10550686E+00  0.54404929E+00
  0.19354839E+00  0.00000000E+00  0.93121289E+00  0.49041030E+00
  0.19354839E+00  0.32258065E-01  0.12406047E+00  0.95687274E+00
  0.19354839E+00  0.64516129E-01  0.27906121E+00  0.62126807E+00
  0.19354839E+00  0.96774194E-01  0.28345985E+00  0.92334154E+00
  0.19354839E+00  0.12903226E+00  0.29832961E+00  0.58856081E-01
  0.19354839E+00  0.16129032E+00  0.79679738E+00  0.47433759E+00
  0.19354839E+00  0.19354839E+00  0.27658530E+00  0.53714680E-01
  0.19354839E+00  0.22580645E+00  0.77186870E+00  0.62185303E+00
  0.19354839E+00  0.25806452E+00  0.28945055E+00  0.38998419E+00
  0.19354839E+00  0.29032258E+00  0.29425224E+00  0.96802902E+00
  0.19354839E+00  0.32258065E+00  0.36912077E+00  0.56881556E+00
  0.19354839E+00  0.35483871E+00  0.17395239E+00  0.29191453E-01
  0.19354839E+00  0.38709677E+00  0.82913257E+00  0.27303098E+00
  0.19354839E+00  0.41935484E+00  0.84829248E+00  0.84113651E+00
  0.19354839E+00  0.45161290E+00  0.74538180E+00  0.11303456E+00
  0.19354839E+00  0.48387097E+00  0.44105792E+00  0.84566637E+00
  0.19354839E+00  0.51612903E+00  0.59339164E+00  0.65397297E+00
  0.19354839E+00  0.54838710E+00  0.97788920E+00  0.58374846E-01
  0.19354839E+00  0.58064516E+00  0.41830692E-01  0.72414606E+00
  0.19354839E+00  0.61290323E+00  0.75792500E+00  0.51768300E+00
  0.19354839E+00  0.64516129E+00  0.90228099E+00  0.46675293E-02
  0.19354839E+00  0.67741935E+00  0.88169525E+00  0.15124810E-01
  0.19354839E+00  0.70967742E+00  0.23525611E+00  0.90037555E+00
  0.19354839E+00  0.74193548E+00  0.93526418E+00  0.10688282E+00
  0.19354839E+00  0.77419355E+00  0.61246921E+00  0.69199343E+00
  0.19354839E+00  0.80645161E+00  0.83062340E+00  0.40657377E+00
  0.19354839E+00  0.83870968E+00  0.53535111E+00  0.96954026E+00
  0.19354839E+00  0.87096774E+00  0.80233497E+00  0.15928424E+00
  0.19354839E+00  0.90322581E+00  0.98183790E-02  0.34699153E+00
  0.19354839E+00  0.93548387E+00  0.56042445E+00  0.96856317E-01
  0.19354839E+00  0.96774194E+00  0.27729135E+00  0.45818980E+00
  0.19354839E+00  0.10000000E+01  0.59952399E+00  0.57442320E+00
  0.22580645E+00  0.00000000E+00  0.31169804E+00  0.95991539E+00
  0.22580645E+00  0.32258065E-01  0.94012629E+00  0.83263941E+00
  0.22580645E+00  0.64516129E-01  0.25269121E+00  0.69732653E+00
  0.22580645E+00  0.96774194E-01  0.13309092E+00  0.29035630E+00
  0.22580645E+00  0.12903226E+00  0.40014485E+00  0.43556253E-01
  0.22580645E+00  0.16129032E+00  0.56117208E-01  0.90214356E+00
  0.22580645E+00  0.19354839E+00  0.10388809E+00  0.86971752E+00
  0.22580645E+00  0.22580645E+00  0.57972214E-01  0.90530273E+00
  0.22580645E+00  0.25806452E+00  0.27438532E+00  0.79744315E+00
  0.22580645E+00  0.29032258E+00  0.22435825E+00  0.64034686E+00
  0.22580645E+00  0.32258065E+00  0.83689869E+00  0.53708165E+00
  0.22580645E+00  0.35483871E+00  0.35200499E-01  0.15482135E+00
  0.22580645E+00  0.38709677E+00  0.59190078E+00  0.75714300E+00
  0.22580645E+00  0.41935484E+00  0.42818458E+00  0.33837471E+00
  0.22580645E+00  0.45161290E+00  0.48173718E+00  0.48499444E+00
  0.22580645E+00  0.48387097E+00  0.26854416E+00  0.58907938E+00
  0.22580645E+00  0.51612903E+00  0.26353905E+00  0.38806295E-01
  0.22580645E+00  0.54838710E+00  0.22509859E+00  0.11002512E-01
  0.22580645E+00  0.58064516E+00  0.58838576E+00  0.49074777E+00
  0.22580645E+00  0.61290323E+00  0.52540413E-01  0.14302680E+00
  0.22580645E+00  0.64516129E+00  0.48671750E+00  0.66143273E+00
  0.22580645E+00  0.67741935E+00  0.27997306E+00  0.21892125E+00
  0.22580645E+00  0.70967742E+00  0.25999781E+00  0.64561554E+00
  0.22580645E+00  0.74193548E+00  0.30569839E+00  0.95866201E+00
  0.22580645E+00  0.77419355E+00  0.77862626E+00  0.86913682E+00
  0.22580645E+00  0.80645161E+00  0.89825429E+00  0.89100314E+00
  0.22580645E+00  0.83870968E+00  0.18610097E+00  0.67711928E+00
  0.22580645E+00  0.87096774E+00  0.10370229E+00  0.20729746E+00
  0.22580645E+00  0.90322581E+00  0.94312804E-02  0.45341351E+00
  0.22580645E+00  0.93548387E+00  0.55916517E+00  0.14656728E+00
  0.22580645E+00  0.96774194E+00  0.67580029E+00  0.27129379E+00
  0.22580645E+00  0.10000000E+01  0.21261453E+00  0.91182526E+00
  0.25806452E+00  0.00000000E+00  0.52030129E+00  0.16611425E+00
  0.25806452E+00  0.32258065E-01  0.67772594E+00  0.73639955E+00
  0.25806452E+00  0.64516129E-01  0.41969274E+00  0.65624474E+00
  0.25806452E+00  0.96774194E-01  0.35872771E+00  0.11497995E+00
  0.25806452E+00  0.12903226E+00  0.36099618E+00  0.71537856E+00
  0.25806452E+00  0.16129032E+00  0.91988564E+00  0.12224150E+00
  0.25806452E+00  0.19354839E+00  0.14921749E+00  0.75443871E+00
  0.25806452E+00  0.22580645E+00  0.52108768E+00  0.14540751E+00
  0.25806452E+00  0.25806452E+00  0.47333628E+00  0.59710811E+00
  0.25806452E+00  0.29032258E+00  0.11645925E-01  0.75243605E+00
  0.25806452E+00  0.32258065E+00  0.43126923E+00  0.71109178E+00
  0.25806452E+00  0.35483871E+00  0.28338502E+00  0.31390715E+00
  0.25806452E+00  0.38709677E+00  0.71108352E+00  0.22062905E+00
  0.25806452E+00  0.41935484E+00  0.27998050E+00  0.40615999E+00
  0.25806452E+00  0.45161290E+00  0.42846019E+00  0.70025578E+00
  0.25806452E+00  0.48387097E+00  0.66254723E+00  0.99568016E+00
  0.25806452E+00  0.51612903E+00  0.62040748E+00  0.74981655E+00
  0.25806452E+00  0.54838710E+00  0.13147772E+00  0.40473679E+00
  0.25806452E+00  0.58064516E+00  0.39522427E+00  0.35072688E+00
  0.25806452E+00  0.61290323E+00  0.40453053E+00  0.58269823E-01
  0.25806452E+00  0.64516129E+00  0.73871342E+00  0.34854312E-02
  0.25806452E+00  0.67741935E+00  0.85116868E+00  0.12027202E-01
  0.25806452E+00  0.70967742E+00  0.97664517E+00  0.64643622E+00
  0.25806452E+00  0.74193548E+00  0.78314797E+00  0.26195206E+00
  0.25806452E+00  0.77419355E+00  0.89347049E+00  0.35578080E+00
  0.25806452E+00  0.80645161E+00  0.40135540E+00  0.83481995E+00
  0.25806452E+00  0.83870968E+00  0.50728451E+00  0.82684051E+00
  0.25806452E+00  0.87096774E+00  0.39889754E+00  0.66012602E+00
  0.25806452E+00  0.90322581E+00  0.50103982E+00  0.63656865E+00
  0.25806452E+00  0.93548387E+00  0.22043889E+00  0.22322228E+00
  0.25806452E+00  0.96774194E+00  0.31000995E+00  0.28731269E+00
  0.25806452E+00  0.10000000E+01  0.97779030E+00  0.99970473E+00
  0.29032258E+00  0.00000000E+00  0.23226428E+00  0.65875891E+00
  0.29032258E+00  0.32258065E-01  0.75831648E-01  0.90277091E+00
  0.29032258E+00  0.64516129E-01  0.21254326E+00  0.65308329E+00
  0.29032258E+00  0.96774194E-01  0.46213076E+00  0.24941779E+00
  0.29032258E+00  0.12903226E+00  0.87906788E+00  0.33749941E+00
  0.29032258E+00  0.16129032E+00  0.36286286E+00  0.29030013E+00
  0.29032258E+00  0.19354839E+00  0.34501104E+00  0.52039580E+00
  0.29032258E+00  0.22580645E+00  0.67760764E+00  0.30843642E+00
  0.29032258E+00  0.25806452E+00  0.84862061E+00  0.77272961E+00
  0.29032258E+00  0.29032258E+00  0.64882375E+00  0.60493743E+00
  0.29032258E+00  0.32258065E+00  0.41538987E+00  0.19688644E+00
  0.29032258E+00  0.35483871E+00  0.97714420E+00  0.78349106E+00
  0.29032258E+00  0.38709677E+00  0.42647789E+00  0.22679020E+00
  0.29032258E+00  0.41935484E+00  0.84292172E+00  0.66097203E-01
  0.29032258E+00  0.45161290E+00  0.93379948E-01  0.45926300E+00
  0.29032258E+00  0.48387097E+00  0.83402426E+00  0.64005263E+00
  0.29032258E+00  0.51612903E+00  0.83884796E+00  0.51663499E+00
  0.29032258E+00  0.54838710E+00  0.77988029E+00  0.36185844E-01
  0.29032258E+00  0.58064516E+00  0.58406087E+00  0.94060421E+00
  0.29032258E+00  0.61290323E+00  0.49177432E+00  0.53834192E+00
  0.29032258E+00  0.64516129E+00  0.94204506E+00  0.11734651E+00
  0.29032258E+00  0.67741935E+00  0.40939223E+00  0.62411739E+00
  0.29032258E+00  0.70967742E+00  0.31734478E+00  0.23387533E+00
  0.29032258E+00  0.74193548E+00  0.15361672E+00  0.43684513E+00
  0.29032258E+00  0.77419355E+00  0.91194252E+00  0.26565166E+00
  0.29032258E+00  0.80645161E+00  0.98557269E+00  0.28882917E+00
  0.29032258E+00  0.83870968E+00  0.63742947E+00  0.99544382E+00
  0.29032258E+00  0.87096774E+00  0.17192270E+00  0.19582958E+00
  0.29032258E+00  0.90322581E+00  0.93342588E+00  0.63437350E-01
  0.29032258E+00  0.93548387E+00  0.25641232E+00  0.44279736E+00
  0.29032258E+00  0.96774194E+00  0.49225152E+00  0.48594905E-01
  0.29032258E+00  0.10000000E+01  0.23766560E+00  0.18085928E+00
  0.32258065E+00  0.00000000E+00  0.66779872E+00  0.39246935E+00
  0.32258065E+00  0.32258065E-01  0.76331640E-01  0.89648440E+00
  0.32258065E+00  0.64516129E-01  0.83127753E+00  0.79295822E+00
  0.32258065E+00  0.96774194E-01  0.40623707E+00  0.41158546E+00
  0.32258065E+00  0.12903226E+00  0.68194617E+00  0.85903188E+00
  0.32258065E+00  0.16129032E+00  0.67132976E+00  0.65986721E-01
  0.32258065E+00  0.19354839E+00  0.43449694E+00  0.35423464E+00
  0.32258065E+00  0.22580645E+00  0.30867767E+00  0.14874714E+00
  0.32258065E+00  0.25806452E+00  0.57810067E+00  0.45979357E+00
  0.32258065E+00  0.29032258E+00  0.70881293E+00  0.76007159E+00
  0.32258065E+00  0.32258065E+00  0.27344046E+00  0.88185727E+00
  0.32258065E+00  0.35483871E+00  0.69089052E+00  0.55917461E+00
  0.32258065E+00  0.38709677E+00  0.90599532E+00  0.23998467E+00
  0.32258065E+00  0.41935484E+00  0.13409695E+00  0.79339418E+00
  0.32258065E+00  0.45161290E+00  0.79557391E+00  0.73688374E+00
  0.32258065E+00  0.48387097E+00  0.76530893E+00  0.60855549E+00
  0.32258065E+00  0.51612903E+00  0.62098214E-01  0.10940032E+00
  0.32258065E+00  0.54838710E+00  0.10300212E+00  0.64058470E+00
  0.32258065E+00  0.58064516E+00  0.64763721E+00  0.86075687E+00
  0.32258065E+00  0.61290323E+00  0.55740976E+00  0.88837274E+00
  0.32258065E+00  0.64516129E+00  0.49469059E+00  0.77404120E+00
  0.32258065E+00  0.67741935E+00  0.68693141E+00  0.86788904E+00
  0.32258065E+00  0.70967742E+00  0.88072245E+00  0.70694531E+00
  0.32258065E+00  0.74193548E+00  0.61079160E+00  0.47545329E-01
  0.32258065E+00  0.77419355E+00  0.90894494E+00  0.66775411E+00
  0.32258065E+00  0.80645161E+00  0.57794857E+00  0.56480939E+00
  0.32258065E+00  0.83870968E+00  0.15535202E+00  0.17258419E+00
  0.32258065E+00  0.87096774E+00  0.69225290E+00  0.22406885E+00
  0.32258065E+00  0.90322581E+00  0.47200310E+00  0.88387263E+00
  0.32258065E+00  0.93548387E+00  0.79385626E+00  0.77574489E+00
  0.32258065E+00  0.96774194E+00  0.94655677E+00  0.53011571E+00
  0.32258065E+00  0.10000000E+01  0.49687006E+00  0.47665611E+00
  0.35483871E+00  0.00000000E+00  0.80802770E+00  0.26615037E+00
  0.35483871E+00  0.32258065E-01  0.89637106E+00  0.60643748E+00
  0.35483871E+00  0.64516129E-01  0.51665838E+00  0.18489844E+00
  0.35483871E+00  0.96774194E-01  0.51153387E+00  0.46633611E+00
  0.35483871E+00  0.12903226E+00  0.57702961E+00  0.93508013E+00
  0.35483871E+00  0.16129032E+00  0.87984649E+00  0.82119276E+00
  0.35483871E+00  0.19354839E+00  0.88410787E+00  0.68504934E-02
  0.35483871E+00  0.22580645E+00  0.51258580E+00  0.73790141E+00
  0.35483871E+00  0.25806452E+00  0.76740001E+00  0.76559837E+00
  0.35483871E+00  0.29032258E+00  0.93518945E+00  0.54350798E+00
  0.35483871E+00  0.32258065E+00  0.50175654E+00  0.10459529E+00
  0.35483871E+00  0.35483871E+00  0.90118407E+00  0.24348433E+00
  0.35483871E+00  0.38709677E+00  0.22442476E+00  0.62889439E+00
  0.35483871E+00  0.41935484E+00  0.12363470E-01  0.47125213E+00
  0.35483871E+00  0.45161290E+00  0.25835205E+00  0.37047938E+00
  0.35483871E+00  0.48387097E+00  0.74521690E+00  0.96895683E+00
  0.35483871E+00  0.51612903E+00  0.84173908E+00  0.34663416E-01
  0.35483871E+00  0.54838710E+00  0.88360723E+00  0.59949155E+00
  0.35483871E+00  0.58064516E+00  0.26384300E+00  0.77773807E+00
  0.35483871E+00  0.61290323E+00  0.35769922E+00  0.88977103E+00
  0.35483871E+00  0.64516129E+00  0.40703070E+00  0.51587223E+00
  0.35483871E+00  0.67741935E+00  0.48913771E+00  0.10525555E+00
  0.35483871E+00  0.70967742E+00  0.69508204E+00  0.76526104E+00
  0.35483871E+00  0.74193548E+00  0.64247583E+00  0.85572484E+00
  0.35483871E+00  0.77419355E+00  0.44774300E+00  0.13524810E-01
  0.35483871E+00  0.80645161E+00  0.28285329E+00  0.23230202E+00
  0.35483871E+00  0.83870968E+00  0.64152902E+00  0.62235796E+00
  0.35483871E+00  0.87096774E+00  0.43992450E+00  0.47572755E+00
  0.35483871E+00  0.90322581E+00  0.76778099E-01  0.26142794E+00
  0.35483871E+00  0.93548387E+00  0.57803690E+00  0.17588309E+00
  0.35483871E+00  0.96774194E+00  0.95095411E+00  0.87352413E+00
  0.35483871E+00  0.10000000E+01  0.87265909E+00  0.25654944E-02
  0.38709677E+00  0.00000000E+00  0.25534648E+00  0.21830766E+00
  0.38709677E+00  0.32258065E-01  0.16930573E+00  0.89734135E+00
  0.38709677E+00  0.64516129E-01  0.12910264E+00  0.45021042E+00
  0.38709677E+00  0.96774194E-01  0.85428242E+00  0.81169017E+00
  0.38709677E+00  0.12903226E+00  0.29898117E+00  0.71619074E+00
  0.38709677E+00  0.16129032E+00  0.33626367E-01  0.95821891E+00
  0.38709677E+00  0.19354839E+00  0.11891286E-01  0.77442189E+00
  0.38709677E+00  0.22580645E+00  0.84790334E+00  0.97221325E+00
  0.38709677E+00  0.25806452E+00  0.72870630E+00  0.42998082E+00
  0.38709677E+00  0.29032258E+00  0.86976460E-01  0.59387655E+00
  0.38709677E+00  0.32258065E+00  0.15899265E+00  0.59618857E+00
  0.38709677E+00  0.35483871E+00  0.55286021E+00  0.62029511E+00
  0.38709677E+00  0.38709677E+00  0.95198886E+00  0.13720057E+00
  0.38709677E+00  0.41935484E+00  0.78824432E-01  0.63865356E+00
  0.38709677E+00  0.45161290E+00  0.43834585E-01  0.49184698E+00
  0.38709677E+00  0.48387097E+00  0.20474834E+00  0.54070016E+00
  0.38709677E+00  0.51612903E+00  0.66104961E+00  0.78723003E-01
  0.38709677E+00  0.54838710E+00  0.50872453E+00  0.81846216E+00
  0.38709677E+00  0.58064516E+00  0.98026283E+00  0.48252924E+00
  0.38709677E+00  0.61290323E+00  0.59491296E+00  0.64121109E+00
  0.38709677E+00  0.64516129E+00  0.44419126E+00  0.42166201E+00
  0.38709677E+00  0.67741935E+00  0.73764496E+00  0.71367814E+00
  0.38709677E+00  0.70967742E+00  0.73386908E+00  0.49705370E+00
  0.38709677E+00  0.74193548E+00  0.18177728E+00  0.91551946E+00
  0.38709677E+00  0.77419355E+00  0.39712657E+00  0.72226306E+00
  0.38709677E+00  0.80645161E+00  0.99296011E-01  0.72203151E+00
  0.38709677E+00  0.83870968E+00  0.13331918E+00  0.83481558E+00
  0.38709677E+00  0.87096774E+00  0.20217067E+00  0.40611637E+00
  0.38709677E+00  0.90322581E+00  0.73430647E+00  0.38879378E+00
  0.38709677E+00  0.93548387E+00  0.11458166E-01  0.21497095E-01
  0.38709677E+00  0.96774194E+00  0.68168117E+00  0.62867757E+00
  0.38709677E+00  0.10000000E+01  0.78265679E+00  0.16718304E+00
  0.41935484E+00  0.00000000E+00  0.75988775E+00  0.74512711E+00
  0.41935484E+00  0.32258065E-01  0.57548617E+00  0.40209506E+00
  0.41935484E+00  0.64516129E-01  0.96228634E+00  0.46268350E+00
  0.41935484E+00  0.96774194E-01  0.59114579E-01  0.15987721E+00
  0.41935484E+00  0.12903226E+00  0.76707781E+00  0.98373047E+00
  0.41935484E+00  0.16129032E+00  0.62041508E+00  0.54700776E+00
  0.41935484E+00  0.19354839E+00  0.62463428E+00  0.45062636E-01
  0.41935484E+00  0.22580645E+00  0.18693392E+00  0.93495497E+00
  0.41935484E+00  0.25806452E+00  0.26391013E+00  0.45880642E+00
  0.41935484E+00  0.29032258E+00  0.85154882E+00  0.63639417E+00
  0.41935484E+00  0.32258065E+00  0.94250295E+00  0.35198303E+00
  0.41935484E+00  0.35483871E+00  0.75655027E-01  0.16039572E+00
  0.41935484E+00  0.38709677E+00  0.60296465E+00  0.43732149E+00
  0.41935484E+00  0.41935484E+00  0.79860135E+00  0.49886301E+00
  0.41935484E+00  0.45161290E+00  0.93536244E+00  0.31532156E+00
  0.41935484E+00  0.48387097E+00  0.45337617E+00  0.44422044E+00
  0.41935484E+00  0.51612903E+00  0.34608989E+00  0.80756677E+00
  0.41935484E+00  0.54838710E+00  0.88854350E+00  0.93835144E+00
  0.41935484E+00  0.58064516E+00  0.83292796E+00  0.32128742E+00
  0.41935484E+00  0.61290323E+00  0.19642901E+00  0.45278639E+00
  0.41935484E+00  0.64516129E+00  0.76635604E+00  0.24517352E+00
  0.41935484E+00  0.67741935E+00  0.44755607E+00  0.40014068E+00
  0.41935484E+00  0.70967742E+00  0.57711298E+00  0.37643782E+00
  0.41935484E+00  0.74193548E+00  0.33133177E+00  0.57680267E+00
  0.41935484E+00  0.77419355E+00  0.35000812E+00  0.37912877E+00
  0.41935484E+00  0.80645161E+00  0.70298298E+00  0.63687167E+00
  0.41935484E+00  0.83870968E+00  0.32398236E+00  0.27369354E+00
  0.41935484E+00  0.87096774E+00  0.36742332E-01  0.59734594E+00
  0.41935484E+00  0.90322581E+00  0.29841912E+00  0.95779097E+00
  0.41935484E+00  0.93548387E+00  0.78528434E+00  0.37456066E+00
  0.41935484E+00  0.96774194E+00  0.94570545E+00  0.75835460E+00
  0.41935484E+00  0.10000000E+01  0.64541135E+00  0.35187595E+00
  0.45161290E+00  0.00000000E+00  0.82246200E+00  0.21981954E-02
  0.45161290E+00  0.32258065E-01  0.62738785E+00  0.19290226E+00
  0.45161290E+00  0.64516129E-01  0.67658202E+00  0.94785928E+00
  0.45161290E+00  0.96774194E-01  0.12523817E+00  0.59229164E+00
  0.45161290E+00  0.12903226E+00  0.82430351E+00  0.31606530E+00
  0.45161290E+00  0.16129032E+00  0.78064343E-01  0.65781492E+00
  0.45161290E+00  0.19354839E+00  0.60729796E+00  0.83721358E+00
  0.45161290E+00  0.22580645E+00  0.84299102E+00  0.56038691E+00
  0.45161290E+00  0.25806452E+00  0.67562426E+00  0.92347189E+00
  0.45161290E+00  0.29032258E+00  0.78502367E+00  0.39320073E-01
  0.45161290E+00  0.32258065E+00  0.67577803E+00  0.12345369E-01
  0.45161290E+00  0.35483871E+00  0.54322288E+00  0.88651640E+00
  0.45161290E+00  0.38709677E+00  0.94990906E-01  0.19149335E+00
  0.45161290E+00  0.41935484E+00  0.45312868E+00  0.71190933E+00
  0.45161290E+00  0.45161290E+00  0.26177988E+00  0.10479631E+00
  0.45161290E+00  0.48387097E+00  0.12543485E+00  0.99015560E+00
  0.45161290E+00  0.51612903E+00  0.50274660E+00  0.13967276E+00
  0.45161290E+00  0.54838710E+00  0.18091324E+00  0.38857718E+00
  0.45161290E+00  0.58064516E+00  0.45562672E+00  0.89564609E+00
  0.45161290E+00  0.61290323E+00  0.14158810E+00  0.37635316E+00
  0.45161290E+00  0.64516129E+00  0.53858915E+00  0.93416155E+00
  0.45161290E+00  0.67741935E+00  0.47816037E+00  0.11496163E+00
  0.45161290E+00  0.70967742E+00  0.57578545E+00  0.80965307E+00
  0.45161290E+00  0.74193548E+00  0.81368204E+00  0.62987159E+00
  0.45161290E+00  0.77419355E+00  0.57914908E+00  0.38186017E+00
  0.45161290E+00  0.80645161E+00  0.28348041E+00  0.26348482E+00
  0.45161290E+00  0.83870968E+00  0.68644479E+00  0.40939488E+00
  0.45161290E+00  0.87096774E+00  0.51332436E-01  0.40932782E+00
  0.45161290E+00  0.90322581E+00  0.25556784E+00  0.42455862E+00
  0.45161290E+00  0.93548387E+00  0.98188906E+00  0.52749365E+00
  0.45161290E+00  0.96774194E+00  0.11509341E+00  0.88940909E+00
  0.45161290E+00  0.10000000E+01  0.46934951E+00  0.44133387E+00
  0.48387097E+00  0.00000000E+00  0.37207347E+00  0.56990325E+00
  0.48387097E+00  0.32258065E-01  0.57848047E+00  0.12883484E+00
  0.48387097E+00  0.64516129E-01  0.17771059E+00  0.41164879E+00
  0.48387097E+00  0.96774194E-01  0.89242188E+00  0.12900650E+00
  0.48387097E+00  0.12903226E+00  0.13168550E-01  0.80283395E+00
  0.48387097E+00  0.16129032E+00  0.49596758E+00  0.36368233E+00
  0.48387097E+00  0.19354839E+00  0.40996297E+00  0.88138939E+00
  0.48387097E+00  0.22580645E+00  0.86018770E+00  0.54041667E-01
  0.48387097E+00  0.25806452E+00  0.51042323E+00  0.80237387E-01
  0.48387097E+00  0.29032258E+00  0.83115680E+00  0.53965024E+00
  0.48387097E+00  0.32258065E+00  0.19763627E+00  0.90689387E+00
  0.48387097E+00  0.35483871E+00  0.96302269E+00  0.32368721E+00
  0.48387097E+00  0.38709677E+00  0.63164048E+00  0.25432050E+00
  0.48387097E+00  0.41935484E+00  0.25732529E+00  0.64942222E+00
  0.48387097E+00  0.45161290E+00  0.19186952E+00  0.24302668E+00
  0.48387097E+00  0.48387097E+00  0.30856547E+00  0.60794247E+00
  0.48387097E+00  0.51612903E+00  0.82584618E+00  0.59442165E+00
  0.48387097E+00  0.54838710E+00  0.85602391E+00  0.77712974E+00
  0.48387097E+00  0.58064516E+00  0.80412624E+00  0.53541650E+00
  0.48387097E+00  0.61290323E+00  0.74182992E+00  0.39188746E+00
  0.48387097E+00  0.64516129E+00  0.88149227E+00  0.23427625E+00
  0.48387097E+00  0.67741935E+00  0.27528032E+00  0.45617737E-01
  0.48387097E+00  0.70967742E+00  0.86439754E+00  0.76772188E+00
  0.48387097E+00  0.74193548E+00  0.34082825E-02  0.92294844E+00
  0.48387097E+00  0.77419355E+00  0.58465983E+00  0.61928239E+00
  0.48387097E+00  0.80645161E+00  0.88780216E+00  0.56371021E+00
  0.48387097E+00  0.83870968E+00  0.27940528E+00  0.70889685E+00
  0.48387097E+00  0.87096774E+00  0.88767434E+00  0.15816356E+00
  0.48387097E+00  0.90322581E+00  0.37726225E+00  0.95376645E+00
  0.48387097E+00  0.93548387E+00  0.94918011E+00  0.37347588E+00
  0.48387097E+00  0.96774194E+00  0.69080515E+00  0.36045656E+00
  0.48387097E+00  0.10000000E+01  0.40098648E+00  0.71144851E+00
  0.51612903E+00  0.00000000E+00  0.78543766E+00  0.48270427E+00
  0.51612903E+00  0.32258065E-01  0.44982815E+00  0.87408862E+00
  0.51612903E+00  0.64516129E-01  0.49963510E-01  0.94679307E+00
  0.51612903E+00  0.96774194E-01  0.58676822E-01  0.54927714E+00
  0.51612903E+00  0.12903226E+00  0.91645692E+00  0.72944521E+00
  0.51612903E+00  0.16129032E+00  0.42321970E+00  0.27300146E+00
  0.51612903E+00  0.19354839E+00  0.78095837E+00  0.94151175E+00
  0.51612903E+00  0.22580645E+00  0.41227256E+00  0.35172523E-01
  0.51612903E+00  0.25806452E+00  0.67977634E+00  0.90528683E+00
  0.51612903E+00  0.29032258E+00  0.63138519E+00  0.41447286E-01
  0.51612903E+00  0.32258065E+00  0.89648186E+00  0.35842612E+00
  0.51612903E+00  0.35483871E+00  0.85796107E+00  0.30777222E+00
  0.51612903E+00  0.38709677E+00  0.22515322E+00  0.43911526E+00
  0.51612903E+00  0.41935484E+00  0.13262694E+00  0.36176764E-01
  0.51612903E+00  0.45161290E+00  0.88987056E+00  0.45248833E+00
  0.51612903E+00  0.48387097E+00  0.50685248E+00  0.77181676E+00
  0.51612903E+00  0.51612903E+00  0.12046048E+00  0.41829631E+00
  0.51612903E+00  0.54838710E+00  0.44681990E+00  0.34126792E+00
  0.51612903E+00  0.58064516E+00  0.38449073E+00  0.39982552E+00
  0.51612903E+00  0.61290323E+00  0.89354362E+00  0.57206931E+00
  0.51612903E+00  0.64516129E+00  0.27551478E+00  0.61406611E+00
  0.51612903E+00  0.67741935E+00  0.97923982E+00  0.79351675E+00
  0.51612903E+00  0.70967742E+00  0.57566458E-01  0.32313047E+00
  0.51612903E+00  0.74193548E+00  0.39994615E+00  0.11870634E+00
  0.51612903E+00  0.77419355E+00  0.86590462E+00  0.50692173E+00
  0.51612903E+00  0.80645161E+00  0.44439131E+00  0.50782785E+00
  0.51612903E+00  0.83870968E+00  0.56400774E+00  0.31705220E+00
  0.51612903E+00  0.87096774E+00  0.67911471E+00  0.61270822E+00
  0.51612903E+00  0.90322581E+00  0.25681853E+00  0.31201182E+00
  0.51612903E+00  0.93548387E+00  0.28983605E+00  0.40260502E+00
  0.51612903E+00  0.96774194E+00  0.46023862E+00  0.47358662E+00
  0.51612903E+00  0.10000000E+01  0.79074999E-01  0.57124987E+00
  0.54838710E+00  0.00000000E+00  0.16506196E+00  0.87410020E+00
  0.54838710E+00  0.32258065E-01  0.95644110E+00  0.91135789E+00
  0.54838710E+00  0.64516129E-01  0.77927053E+00  0.18359725E-02
  0.54838710E+00  0.96774194E-01  0.14906937E+00  0.44081678E-01
  0.54838710E+00  0.12903226E+00  0.91363348E+00  0.50953174E+00
  0.54838710E+00  0.16129032E+00  0.40202415E+00  0.74669063E+00
  0.54838710E+00  0.19354839E+00  0.93146706E+00  0.82672114E-01
  0.54838710E+00  0.22580645E+00  0.79716123E+00  0.34710402E+00
  0.54838710E+00  0.25806452E+00  0.86999827E+00  0.44339632E+00
  0.54838710E+00  0.29032258E+00  0.92719172E+00  0.59237252E+00
  0.54838710E+00  0.32258065E+00  0.84081651E+00  0.87326428E+00
  0.54838710E+00  0.35483871E+00  0.74925870E+00  0.68706933E+00
  0.54838710E+00  0.38709677E+00  0.33657523E+00  0.76727271E+00
  0.54838710E+00  0.41935484E+00  0.34476391E+00  0.36293124E+00
  0.54838710E+00  0.45161290E+00  0.44394359E+00  0.21912129E+00
  0.54838710E+00  0.48387097E+00  0.58544437E+00  0.97974983E+00
  0.54838710E+00  0.51612903E+00  0.96280813E+00  0.63772874E+00
  0.54838710E+00  0.54838710E+00  0.70569906E+00  0.65751247E+00
  0.54838710E+00  0.58064516E+00  0.43172445E+00  0.39499891E+00
  0.54838710E+00  0.61290323E+00  0.78116559E+00  0.43979355E+00
  0.54838710E+00  0.64516129E+00  0.59618823E-01  0.50483695E+00
  0.54838710E+00  0.67741935E+00  0.11354681E+00  0.48839550E+00
  0.54838710E+00  0.70967742E+00  0.56373989E+00  0.33341539E+00
  0.54838710E+00  0.74193548E+00  0.52168757E+00  0.30923996E+00
  0.54838710E+00  0.77419355E+00  0.91386030E+00  0.34069025E+00
  0.54838710E+00  0.80645161E+00  0.53890126E+00  0.95088708E-02
  0.54838710E+00  0.83870968E+00  0.98272840E+00  0.85316716E+00
  0.54838710E+00  0.87096774E+00  0.51654656E+00  0.58603559E+00
  0.54838710E+00  0.90322581E+00  0.10276986E+00  0.86791748E+00
  0.54838710E+00  0.93548387E+00  0.63385407E+00  0.24494600E+00
  0.54838710E+00  0.96774194E+00  0.52903935E+00  0.88784441E+00
  0.54838710E+00  0.10000000E+01  0.81400295E+00  0.75254964E+00
  0.58064516E+00  0.00000000E+00  0.92167033E+00  0.99199774E+00
  0.58064516E+00  0.32258065E-01  0.26276862E+00  0.12000171E-01
  0.58064516E+00  0.64516129E-01  0.41688773E+00  0.72863487E+00
  0.58064516E+00  0.96774194E-01  0.19107138E+00  0.64293064E+00
  0.58064516E+00  0.12903226E+00  0.21979090E+00  0.67070333E+00
  0.58064516E+00  0.16129032E+00  0.91326559E+00  0.11019369E-01
  0.58064516E+00  0.19354839E+00  0.12697457E+00  0.69092883E+00
  0.58064516E+00  0.22580645E+00  0.67735993E+00  0.41146796E+00
  0.58064516E+00  0.25806452E+00  0.82872135E+00  0.31993136E+00
  0.58064516E+00  0.29032258E+00  0.87630213E+00  0.33341353E+00
  0.58064516E+00  0.32258065E+00  0.95056660E+00  0.63862016E+00
  0.58064516E+00  0.35483871E+00  0.16766894E+00  0.99294872E+00
  0.58064516E+00  0.38709677E+00  0.25111343E+00  0.45183878E+00
  0.58064516E+00  0.41935484E+00  0.74960606E+00  0.14739172E+00
  0.58064516E+00  0.45161290E+00  0.97609761E+00  0.74326007E+00
  0.58064516E+00  0.48387097E+00  0.79301807E+00  0.19080630E+00
  0.58064516E+00  0.51612903E+00  0.36870252E+00  0.41153122E+00
  0.58064516E+00  0.54838710E+00  0.30008385E-01  0.53077182E+00
  0.58064516E+00  0.58064516E+00  0.33612410E+00  0.28766876E+00
  0.58064516E+00  0.61290323E+00  0.49856920E+00  0.24640326E+00
  0.58064516E+00  0.64516129E+00  0.27238577E+00  0.43370361E+00
  0.58064516E+00  0.67741935E+00  0.44352140E+00  0.27621209E-01
  0.58064516E+00  0.70967742E+00  0.37403401E-01  0.72257607E+00
  0.58064516E+00  0.74193548E+00  0.37370456E+00  0.39567192E+00
  0.58064516E+00  0.77419355E+00  0.92300217E-01  0.69928084E+00
  0.58064516E+00  0.80645161E+00  0.27541681E+00  0.20489733E+00
  0.58064516E+00  0.83870968E+00  0.79097177E+00  0.72326206E+00
  0.58064516E+00  0.87096774E+00  0.98210486E+00  0.42575503E+00
  0.58064516E+00  0.90322581E+00  0.82790088E+00  0.39205832E+00
  0.58064516E+00  0.93548387E+00  0.70030386E+00  0.20908835E+00
  0.58064516E+00  0.96774194E+00  0.84222256E+00  0.24619768E+00
  0.58064516E+00  0.10000000E+01  0.69182742E+00  0.23164634E+00
  0.61290323E+00  0.00000000E+00  0.13795230E+00  0.46754746E-01
  0.61290323E+00  0.32258065E-01  0.26216840E+00  0.59332076E+00
  0.61290323E+00  0.64516129E-01  0.31484125E+00  0.81582195E+00
  0.61290323E+00  0.96774194E-01  0.22907043E+00  0.51579011E+00
  0.61290323E+00  0.12903226E+00  0.95629897E+00  0.87718601E+00
  0.61290323E+00  0.16129032E+00  0.46799379E+00  0.46030537E+00
  0.61290323E+00  0.19354839E+00  0.74804869E+00  0.78211071E+00
  0.61290323E+00  0.22580645E+00  0.90091005E+00  0.10798889E+00
  0.61290323E+00  0.25806452E+00  0.50042517E+00  0.79934502E-01
  0.61290323E+00  0.29032258E+00  0.30441327E+00  0.80615900E+00
  0.61290323E+00  0.32258065E+00  0.45995914E+00  0.37125639E-01
  0.61290323E+00  0.35483871E+00  0.32442945E+00  0.53010183E-01
  0.61290323E+00  0.38709677E+00  0.27211746E-01  0.88758739E+00
  0.61290323E+00  0.41935484E+00  0.89717603E+00  0.51354328E+00
  0.61290323E+00  0.45161290E+00  0.88085908E+00  0.61421319E+00
  0.61290323E+00  0.48387097E+00  0.76371350E-01  0.56674563E+00
  0.61290323E+00  0.51612903E+00  0.50802660E+00  0.26169185E+00
  0.61290323E+00  0.54838710E+00  0.26669412E+00  0.38402128E+00
  0.61290323E+00  0.58064516E+00  0.14087364E+00  0.78056269E+00
  0.61290323E+00  0.61290323E+00  0.86349289E+00  0.53887115E+00
  0.61290323E+00  0.64516129E+00  0.99427848E-01  0.40252075E+00
  0.61290323E+00  0.67741935E+00  0.29874555E+00  0.14782317E+00
  0.61290323E+00  0.70967742E+00  0.54066970E+00  0.54697193E+00
  0.61290323E+00  0.74193548E+00  0.49326877E+00  0.54261252E+00
  0.61290323E+00  0.77419355E+00  0.61386693E+00  0.25883822E+00
  0.61290323E+00  0.80645161E+00  0.71517748E+00  0.47361177E+00
  0.61290323E+00  0.83870968E+00  0.22159035E-01  0.17761281E+00
  0.61290323E+00  0.87096774E+00  0.84459434E+00  0.84451105E+00
  0.61290323E+00  0.90322581E+00  0.99039173E+00  0.37665310E-01
  0.61290323E+00  0.93548387E+00  0.44609250E-01  0.97824825E+00
  0.61290323E+00  0.96774194E+00  0.63920143E+00  0.69979693E+00
  0.61290323E+00  0.10000000E+01  0.83848876E+00  0.41418916E+00
  0.64516129E+00  0.00000000E+00  0.74605731E+00  0.37759692E+00
  0.64516129E+00  0.32258065E-01  0.49716647E+00  0.86763648E+00
  0.64516129E+00  0.64516129E-01  0.45654998E+00  0.30254596E+00
  0.64516129E+00  0.96774194E-01  0.98845397E+00  0.45835874E+00
  0.64516129E+00  0.12903226E+00  0.11723397E+00  0.27988987E+00
  0.64516129E+00  0.16129032E+00  0.74365012E+00  0.42549959E+00
  0.64516129E+00  0.19354839E+00  0.27766630E+00  0.58968897E+00
  0.64516129E+00  0.22580645E+00  0.81275326E+00  0.22852749E+00
  0.64516129E+00  0.25806452E+00  0.96669551E+00  0.31291274E+00
  0.64516129E+00  0.29032258E+00  0.51390222E+00  0.73466208E+00
  0.64516129E+00  0.32258065E+00  0.93422198E+00  0.99043640E+00
  0.64516129E+00  0.35483871E+00  0.32614791E-02  0.76849582E+00
  0.64516129E+00  0.38709677E+00  0.54920812E+00  0.63287518E-01
  0.64516129E+00  0.41935484E+00  0.50115648E+00  0.44286552E+00
  0.64516129E+00  0.45161290E+00  0.35393871E+00  0.94142547E-01
  0.64516129E+00  0.48387097E+00  0.17445885E+00  0.27097392E+00
  0.64516129E+00  0.51612903E+00  0.27453106E+00  0.77007344E+00
  0.64516129E+00  0.54838710E+00  0.67522168E+00  0.59761327E-01
  0.64516129E+00  0.58064516E+00  0.48769533E+00  0.68654421E+00
  0.64516129E+00  0.61290323E+00  0.33556476E+00  0.58452713E+00
  0.64516129E+00  0.64516129E+00  0.94374476E+00  0.91265755E+00
  0.64516129E+00  0.67741935E+00  0.18809834E-01  0.44801437E-01
  0.64516129E+00  0.70967742E+00  0.54585591E+00  0.33765136E+00
  0.64516129E+00  0.74193548E+00  0.62686586E+00  0.30146661E+00
  0.64516129E+00  0.77419355E+00  0.98557896E+00  0.79864537E+00
  0.64516129E+00  0.80645161E+00  0.26386427E+00  0.89512889E+00
  0.64516129E+00  0.83870968E+00  0.23459791E+00  0.98963771E+00
  0.64516129E+00  0.87096774E+00  0.56044214E-01  0.84573994E+00
  0.64516129E+00  0.90322581E+00  0.69274085E+00  0.15175150E+00
  0.64516129E+00  0.93548387E+00  0.62788780E+00  0.23346846E+00
  0.64516129E+00  0.96774194E+00  0.99224025E+00  0.54473140E+00
  0.64516129E+00  0.10000000E+01  0.23450540E+00  0.56082175E+00
  0.67741935E+00  0.00000000E+00  0.81168384E+00  0.61368704E+00
  0.67741935E+00  0.32258065E-01  0.50438072E+00  0.88089418E+00
  0.67741935E+00  0.64516129E-01  0.51327171E+00  0.98456850E+00
  0.67741935E+00  0.96774194E-01  0.48343074E+00  0.94912362E+00
  0.67741935E+00  0.12903226E+00  0.62014069E+00  0.80561018E+00
  0.67741935E+00  0.16129032E+00  0.44609744E+00  0.89107234E+00
  0.67741935E+00  0.19354839E+00  0.80714912E+00  0.64839251E+00
  0.67741935E+00  0.22580645E+00  0.25157040E+00  0.55162436E+00
  0.67741935E+00  0.25806452E+00  0.90787212E+00  0.78181414E+00
  0.67741935E+00  0.29032258E+00  0.98614587E+00  0.27831026E+00
  0.67741935E+00  0.32258065E+00  0.27943902E-01  0.79056116E+00
  0.67741935E+00  0.35483871E+00  0.29694082E-01  0.55540144E+00
  0.67741935E+00  0.38709677E+00  0.56465005E+00  0.22482632E+00
  0.67741935E+00  0.41935484E+00  0.28376535E-01  0.66925433E+00
  0.67741935E+00  0.45161290E+00  0.13276980E+00  0.28127829E+00
  0.67741935E+00  0.48387097E+00  0.77361327E+00  0.40490462E+00
  0.67741935E+00  0.51612903E+00  0.39666831E+00  0.51528087E+00
  0.67741935E+00  0.54838710E+00  0.98730016E+00  0.77391156E+00
  0.67741935E+00  0.58064516E+00  0.80863899E+00  0.58436228E+00
  0.67741935E+00  0.61290323E+00  0.13276184E-01  0.77345212E+00
  0.67741935E+00  0.64516129E+00  0.25349573E+00  0.22934335E-01
  0.67741935E+00  0.67741935E+00  0.41504074E+00  0.17666529E+00
  0.67741935E+00  0.70967742E+00  0.59941523E+00  0.48261734E-01
  0.67741935E+00  0.74193548E+00  0.47972091E+00  0.35424629E+00
  0.67741935E+00  0.77419355E+00  0.15502927E+00  0.39768127E+00
  0.67741935E+00  0.80645161E+00  0.62828873E+00  0.12729079E+00
  0.67741935E+00  0.83870968E+00  0.32766983E-01  0.19707108E+00
  0.67741935E+00  0.87096774E+00  0.73202850E+00  0.65138919E+00
  0.67741935E+00  0.90322581E+00  0.41844717E+00  0.86056988E+00
  0.67741935E+00  0.93548387E+00  0.33525408E+00  0.33197084E+00
  0.67741935E+00  0.96774194E+00  0.74712054E+00  0.21546202E-01
  0.67741935E+00  0.10000000E+01  0.78427614E+00  0.77089827E+00
  0.70967742E+00  0.00000000E+00  0.21479203E+00  0.20333211E+00
  0.70967742E+00  0.32258065E-01  0.44016595E+00  0.11110081E+00
  0.70967742E+00  0.64516129E-01  0.60249089E+00  0.47253211E+00
  0.70967742E+00  0.96774194E-01  0.80528465E+00  0.31116290E-01
  0.70967742E+00  0.12903226E+00  0.24352906E+00  0.48630963E+00
  0.70967742E+00  0.16129032E+00  0.31342834E+00  0.75610194E+00
  0.70967742E+00  0.19354839E+00  0.45898389E+00  0.24397861E+00
  0.70967742E+00  0.22580645E+00  0.88038548E+00  0.73527717E+00
  0.70967742E+00  0.25806452E+00  0.22921884E+00  0.54793845E+00
  0.70967742E+00  0.29032258E+00  0.41548970E+00  0.56265217E+00
  0.70967742E+00  0.32258065E+00  0.65146411E+00  0.75739715E+00
  0.70967742E+00  0.35483871E+00  0.85732537E+00  0.87137602E+00
  0.70967742E+00  0.38709677E+00  0.55364714E+00  0.82334443E+00
  0.70967742E+00  0.41935484E+00  0.36568317E+00  0.50933487E+00
  0.70967742E+00  0.45161290E+00  0.26447324E+00  0.60477491E+00
  0.70967742E+00  0.48387097E+00  0.66976566E+00  0.99600008E+00
  0.70967742E+00  0.51612903E+00  0.53975610E+00  0.46616122E+00
  0.70967742E+00  0.54838710E+00  0.57264283E+00  0.26052635E+00
  0.70967742E+00  0.58064516E+00  0.64499839E+00  0.15617715E+00
  0.70967742E+00  0.61290323E+00  0.61195768E+00  0.66109986E+00
  0.70967742E+00  0.64516129E+00  0.59422235E+00  0.96767082E+00
  0.70967742E+00  0.67741935E+00  0.87688178E+00  0.28553645E+00
  0.70967742E+00  0.70967742E+00  0.54505029E+00  0.17888781E+00
  0.70967742E+00  0.74193548E+00  0.98132085E+00  0.53312971E+00
  0.70967742E+00  0.77419355E+00  0.35003520E+00  0.77594429E+00
  0.70967742E+00  0.80645161E+00  0.19337031E+00  0.97774919E+00
  0.70967742E+00  0.83870968E+00  0.26424132E+00  0.45655019E+00
  0.70967742E+00  0.87096774E+00  0.72102085E+00  0.51218847E+00
  0.70967742E+00  0.90322581E+00  0.80907469E+00  0.91498231E+00
  0.70967742E+00  0.93548387E+00  0.15411399E+00  0.77376338E+00
  0.70967742E+00  0.96774194E+00  0.79236373E+00  0.40830752E+00
  0.70967742E+00  0.10000000E+01  0.62547681E-01  0.85116009E+00
  0.74193548E+00  0.00000000E+00  0.91707631E+00  0.50641987E+00
  0.74193548E+00  0.32258065E-01  0.66404185E+00  0.83192900E+00
  0.74193548E+00  0.64516129E-01  0.81916427E+00  0.52125204E+00
  0.74193548E+00  0.96774194E-01  0.67864458E+00  0.53821392E+00
  0.74193548E+00  0.12903226E+00  0.97173393E-01  0.86739555E-01
  0.74193548E+00  0.16129032E+00  0.13005318E+00  0.89195887E-01
  0.74193548E+00  0.19354839E+00  0.80666819E+00  0.20428472E+00
  0.74193548E+00  0.22580645E+00  0.16030209E+00  0.94863628E-02
  0.74193548E+00  0.25806452E+00  0.63930310E+00  0.97305398E+00
  0.74193548E+00  0.29032258E+00  0.24596994E-01  0.84055884E+00
  0.74193548E+00  0.32258065E+00  0.97854757E+00  0.60986207E-01
  0.74193548E+00  0.35483871E+00  0.35016489E+00  0.87738214E+00
  0.74193548E+00  0.38709677E+00  0.36166116E+00  0.70705100E+00
  0.74193548E+00  0.41935484E+00  0.80135419E+00  0.43630374E+00
  0.74193548E+00  0.45161290E+00  0.34791865E+00  0.25475701E+00
  0.74193548E+00  0.48387097E+00  0.15098482E+00  0.65418303E+00
  0.74193548E+00  0.51612903E+00  0.79308514E+00  0.21691022E+00
  0.74193548E+00  0.54838710E+00  0.75794831E+00  0.81877466E+00
  0.74193548E+00  0.58064516E+00  0.53014112E+00  0.87162226E+00
  0.74193548E+00  0.61290323E+00  0.45105789E+00  0.23036179E+00
  0.74193548E+00  0.64516129E+00  0.45625760E+00  0.38956867E+00
  0.74193548E+00  0.67741935E+00  0.81914863E+00  0.59463946E+00
  0.74193548E+00  0.70967742E+00  0.26021202E-01  0.49249726E+00
  0.74193548E+00  0.74193548E+00  0.90742747E+00  0.94684781E+00
  0.74193548E+00  0.77419355E+00  0.15090923E+00  0.64298638E+00
  0.74193548E+00  0.80645161E+00  0.32007336E+00  0.10715545E+00
  0.74193548E+00  0.83870968E+00  0.50501481E+00  0.76545320E+00
  0.74193548E+00  0.87096774E+00  0.72908735E+00  0.66729271E+00
  0.74193548E+00  0.90322581E+00  0.23702194E+00  0.49841204E+00
  0.74193548E+00  0.93548387E+00  0.78939270E+00  0.50843498E+00
  0.74193548E+00  0.96774194E+00  0.88430629E-01  0.97798268E+00
  0.74193548E+00  0.10000000E+01  0.46018493E+00  0.85033599E+00
  0.77419355E+00  0.00000000E+00  0.94056177E+00  0.30808893E+00
  0.77419355E+00  0.32258065E-01  0.96214312E+00  0.53203556E+00
  0.77419355E+00  0.64516129E-01  0.47819986E+00  0.34508055E+00
  0.77419355E+00  0.96774194E-01  0.58973801E-01  0.74362964E+00
  0.77419355E+00  0.12903226E+00  0.52049638E+00  0.74545431E+00
  0.77419355E+00  0.16129032E+00  0.59236095E+00  0.73187968E+00
  0.77419355E+00  0.19354839E+00  0.26762400E+00  0.14592945E+00
  0.77419355E+00  0.22580645E+00  0.95983520E+00  0.17142784E+00
  0.77419355E+00  0.25806452E+00  0.59219650E+00  0.18058528E-01
  0.77419355E+00  0.29032258E+00  0.74384997E+00  0.43738069E+00
  0.77419355E+00  0.32258065E+00  0.97829469E+00  0.94802028E-01
  0.77419355E+00  0.35483871E+00  0.47893240E+00  0.42250885E+00
  0.77419355E+00  0.38709677E+00  0.11674223E+00  0.57835313E+00
  0.77419355E+00  0.41935484E+00  0.75084183E-01  0.13569672E+00
  0.77419355E+00  0.45161290E+00  0.15663158E+00  0.12921241E+00
  0.77419355E+00  0.48387097E+00  0.89743247E+00  0.81642210E-01
  0.77419355E+00  0.51612903E+00  0.61309982E+00  0.63651252E+00
  0.77419355E+00  0.54838710E+00  0.50213074E+00  0.42180641E+00
  0.77419355E+00  0.58064516E+00  0.93135453E+00  0.76959291E+00
  0.77419355E+00  0.61290323E+00  0.28509675E-01  0.91661332E+00
  0.77419355E+00  0.64516129E+00  0.70694972E+00  0.31082455E+00
  0.77419355E+00  0.67741935E+00  0.24747807E+00  0.64889953E+00
  0.77419355E+00  0.70967742E+00  0.56231167E+00  0.26968461E+00
  0.77419355E+00  0.74193548E+00  0.26617365E+00  0.52861399E+00
  0.77419355E+00  0.77419355E+00  0.67951480E+00  0.77808120E+00
  0.77419355E+00  0.80645161E+00  0.88886401E+00  0.57876763E+00
  0.77419355E+00  0.83870968E+00  0.98930759E+00  0.76692804E+00
  0.77419355E+00  0.87096774E+00  0.63409748E+00  0.26331348E-02
  0.77419355E+00  0.90322581E+00  0.16388410E-01  0.42396918E+00
  0.77419355E+00  0.93548387E+00  0.40810395E+00  0.32194620E-01
  0.77419355E+00  0.96774194E+00  0.38093144E+00  0.43285374E+00
  0.77419355E+00  0.10000000E+01  0.83444584E+00  0.55784735E+00
  0.80645161E+00  0.00000000E+00  0.46712561E+00  0.84188753E+00
  0.80645161E+00  0.32258065E-01  0.19574911E+00  0.70929335E-02
  0.80645161E+00  0.64516129E-01  0.58582538E+00  0.51022389E+00
  0.80645161E+00  0.96774194E-01  0.74026649E+00  0.64294132E+00
  0.80645161E+00  0.12903226E+00  0.36260281E+00  0.82870462E+00
  0.80645161E+00  0.16129032E+00  0.76498047E+00  0.36446948E-01
  0.80645161E+00  0.19354839E+00  0.51531910E+00  0.89786380E+00
  0.80645161E+00  0.22580645E+00  0.84862959E+00  0.15331491E+00
  0.80645161E+00  0.25806452E+00  0.96749212E+00  0.51339369E-01
  0.80645161E+00  0.29032258E+00  0.35669426E+00  0.32678409E+00
  0.80645161E+00  0.32258065E+00  0.23702928E+00  0.38254550E+00
  0.80645161E+00  0.35483871E+00  0.28325462E+00  0.29992454E+00
  0.80645161E+00  0.38709677E+00  0.73121047E+00  0.30259496E+00
  0.80645161E+00  0.41935484E+00  0.99909853E+00  0.29918485E+00
  0.80645161E+00  0.45161290E+00  0.94792095E+00  0.12947149E+00
  0.80645161E+00  0.48387097E+00  0.90607939E+00  0.13918949E+00
  0.80645161E+00  0.51612903E+00  0.58313427E+00  0.70845215E+00
  0.80645161E+00  0.54838710E+00  0.99772412E+00  0.35878620E+00
  0.80645161E+00  0.58064516E+00  0.54464518E+00  0.63779692E-01
  0.80645161E+00  0.61290323E+00  0.32609104E+00  0.38834332E+00
  0.80645161E+00  0.64516129E+00  0.87205254E+00  0.81584903E-01
  0.80645161E+00  0.67741935E+00  0.37487776E+00  0.74829720E+00
  0.80645161E+00  0.70967742E+00  0.56299222E+00  0.22405900E+00
  0.80645161E+00  0.74193548E+00  0.33877915E+00  0.27894951E+00
  0.80645161E+00  0.77419355E+00  0.30562004E+00  0.27487597E+00
  0.80645161E+00  0.80645161E+00  0.30909520E+00  0.40151464E+00
  0.80645161E+00  0.83870968E+00  0.11734463E+00  0.11586495E+00
  0.80645161E+00  0.87096774E+00  0.36558892E+00  0.41041705E+00
  0.80645161E+00  0.90322581E+00  0.88981039E+00  0.53493257E+00
  0.80645161E+00  0.93548387E+00  0.57459432E+00  0.79683865E+00
  0.80645161E+00  0.96774194E+00  0.84013038E+00  0.65235332E-01
  0.80645161E+00  0.10000000E+01  0.89337423E+00  0.60351613E+00
  0.83870968E+00  0.00000000E+00  0.93071695E+00  0.95941481E+00
  0.83870968E+00  0.32258065E-01  0.78308817E+00  0.42047828E+00
  0.83870968E+00  0.64516129E-01  0.60753253E+00  0.27113130E+00
  0.83870968E+00  0.96774194E-01  0.51320015E+00  0.23175971E+00
  0.83870968E+00  0.12903226E+00  0.23797306E+00  0.42230666E+00
  0.83870968E+00  0.16129032E+00  0.20286473E+00  0.91209829E-01
  0.83870968E+00  0.19354839E+00  0.81886096E+00  0.17685809E+00
  0.83870968E+00  0.22580645E+00  0.17120220E+00  0.32656771E+00
  0.83870968E+00  0.25806452E+00  0.20610722E+00  0.99807809E+00
  0.83870968E+00  0.29032258E+00  0.54493826E+00  0.26856708E+00
  0.83870968E+00  0.32258065E+00  0.50807546E-01  0.97618570E+00
  0.83870968E+00  0.35483871E+00  0.27262519E+00  0.81911259E+00
  0.83870968E+00  0.38709677E+00  0.89158857E+00  0.37127763E-01
  0.83870968E+00  0.41935484E+00  0.29511304E+00  0.30070609E+00
  0.83870968E+00  0.45161290E+00  0.40320405E+00  0.43263020E+00
  0.83870968E+00  0.48387097E+00  0.87227079E+00  0.58712291E+00
  0.83870968E+00  0.51612903E+00  0.80138104E+00  0.51149927E+00
  0.83870968E+00  0.54838710E+00  0.65957604E-01  0.51533808E+00
  0.83870968E+00  0.58064516E+00  0.40391607E+00  0.77217290E+00
  0.83870968E+00  0.61290323E+00  0.37924398E+00  0.57870267E+00
  0.83870968E+00  0.64516129E+00  0.34802141E+00  0.19652184E+00
  0.83870968E+00  0.67741935E+00  0.55188295E+00  0.90137000E+00
  0.83870968E+00  0.70967742E+00  0.46392115E+00  0.86490105E+00
  0.83870968E+00  0.74193548E+00  0.51203127E+00  0.49397195E+00
  0.83870968E+00  0.77419355E+00  0.30469750E+00  0.85245090E+00
  0.83870968E+00  0.80645161E+00  0.48422060E+00  0.79054519E+00
  0.83870968E+00  0.83870968E+00  0.33238691E+00  0.40664845E+00
  0.83870968E+00  0.87096774E+00  0.25357874E+00  0.46670750E+00
  0.83870968E+00  0.90322581E+00  0.26032628E+00  0.40610873E+00
  0.83870968E+00  0.93548387E+00  0.58630076E+00  0.53908400E+00
  0.83870968E+00  0.96774194E+00  0.55174917E+00  0.10063602E+00
  0.83870968E+00  0.10000000E+01  0.80637024E+00  0.74598341E+00
  0.87096774E+00  0.00000000E+00  0.48125438E+00  0.43028087E+00
  0.87096774E+00  0.32258065E-01  0.38079176E+00  0.94007154E+00
  0.87096774E+00  0.64516129E-01  0.40683097E+00  0.19609249E+00
  0.87096774E+00  0.96774194E-01  0.92382177E+00  0.24866865E+00
  0.87096774E+00  0.12903226E+00  0.50237066E+00  0.48479521E+00
  0.87096774E+00  0.16129032E+00  0.25063322E+00  0.24130628E+00
  0.87096774E+00  0.19354839E+00  0.91767902E+00  0.41071944E+00
  0.87096774E+00  0.22580645E+00  0.89382923E+00  0.66475595E+00
  0.87096774E+00  0.25806452E+00  0.23296688E+00  0.92053689E+00
  0.87096774E+00  0.29032258E+00  0.82181978E+00  0.67445494E+00
  0.87096774E+00  0.32258065E+00  0.82121606E+00  0.82872203E+00
  0.87096774E+00  0.35483871E+00  0.50431243E+00  0.63559273E+00
  0.87096774E+00  0.38709677E+00  0.61679506E+00  0.38426346E+00
  0.87096774E+00  0.41935484E+00  0.38405309E+00  0.45544744E+00
  0.87096774E+00  0.45161290E+00  0.29032484E+00  0.36862541E+00
  0.87096774E+00  0.48387097E+00  0.75481667E+00  0.44697222E+00
  0.87096774E+00  0.51612903E+00  0.82979448E+00  0.72495910E+00
  0.87096774E+00  0.54838710E+00  0.45647866E-01  0.72363173E+00
  0.87096774E+00  0.58064516E+00  0.52792695E+00  0.71856419E+00
  0.87096774E+00  0.61290323E+00  0.51135185E+00  0.12548852E+00
  0.87096774E+00  0.64516129E+00  0.37579481E+00  0.62860023E+00
  0.87096774E+00  0.67741935E+00  0.32923499E+00  0.67653947E+00
  0.87096774E+00  0.70967742E+00  0.86268593E+00  0.97104805E+00
  0.87096774E+00  0.74193548E+00  0.10209561E+00  0.57330221E+00
  0.87096774E+00  0.77419355E+00  0.18221924E+00  0.25292120E+00
  0.87096774E+00  0.80645161E+00  0.76746466E+00  0.70465157E+00
  0.87096774E+00  0.83870968E+00  0.84471042E+00  0.25772737E+00
  0.87096774E+00  0.87096774E+00  0.91309648E+00  0.70290598E+00
  0.87096774E+00  0.90322581E+00  0.69578763E+00  0.86217983E+00
  0.87096774E+00  0.93548387E+00  0.49870949E+00  0.52616389E+00
  0.87096774E+00  0.96774194E+00  0.34125724E+00  0.38415886E+00
  0.87096774E+00  0.10000000E+01  0.98397695E+00  0.57189023E+00
  0.90322581E+00  0.00000000E+00  0.81238453E+00  0.19946660E+00
  0.90322581E+00  0.32258065E-01  0.62797952E+00  0.94567796E+00
  0.90322581E+00  0.64516129E-01  0.73833618E+00  0.65708989E+00
  0.90322581E+00  0.96774194E-01  0.95177817E+00  0.10329723E+00
  0.90322581E+00  0.12903226E+00  0.71172603E+00  0.13262525E+00
  0.90322581E+00  0.16129032E+00  0.65539964E+00  0.66525754E+00
  0.90322581E+00  0.19354839E+00  0.62027464E+00  0.12044581E+00
  0.90322581E+00  0.22580645E+00  0.22329265E+00  0.90280183E+00
  0.90322581E+00  0.25806452E+00  0.13782550E+00  0.57267132E+00
  0.90322581E+00  0.29032258E+00  0.19339331E+00  0.32558988E+00
  0.90322581E+00  0.32258065E+00  0.42313651E+00  0.40582100E+00
  0.90322581E+00  0.35483871E+00  0.18404169E+00  0.78976045E-01
  0.90322581E+00  0.38709677E+00  0.47492150E+00  0.78871633E+00
  0.90322581E+00  0.41935484E+00  0.57714828E+00  0.12253717E+00
  0.90322581E+00  0.45161290E+00  0.14314174E+00  0.21163396E+00
  0.90322581E+00  0.48387097E+00  0.85761049E+00  0.18985036E+00
  0.90322581E+00  0.51612903E+00  0.79654743E+00  0.33670844E+00
  0.90322581E+00  0.54838710E+00  0.60897916E+00  0.52952086E+00
  0.90322581E+00  0.58064516E+00  0.64646919E+00  0.62958514E+00
  0.90322581E+00  0.61290323E+00  0.16537510E+00  0.42745987E+00
  0.90322581E+00  0.64516129E+00  0.72685961E+00  0.77232303E+00
  0.90322581E+00  0.67741935E+00  0.91965554E+00  0.51041234E+00
  0.90322581E+00  0.70967742E+00  0.53058471E+00  0.85754755E+00
  0.90322581E+00  0.74193548E+00  0.28783067E+00  0.83073487E+00
  0.90322581E+00  0.77419355E+00  0.30196544E+00  0.36385339E+00
  0.90322581E+00  0.80645161E+00  0.32973010E+00  0.73242349E+00
  0.90322581E+00  0.83870968E+00  0.98556925E+00  0.91245737E+00
  0.90322581E+00  0.87096774E+00  0.25919441E-01  0.49839152E+00
  0.90322581E+00  0.90322581E+00  0.83125150E+00  0.80510127E+00
  0.90322581E+00  0.93548387E+00  0.21086673E+00  0.77899738E+00
  0.90322581E+00  0.96774194E+00  0.65544705E+00  0.34320462E+00
  0.90322581E+00  0.10000000E+01  0.16235899E+00  0.80182244E+00
  0.93548387E+00  0.00000000E+00  0.27209437E+00  0.66300196E+00
  0.93548387E+00  0.32258065E-01  0.49794319E+00  0.22541145E+00
  0.93548387E+00  0.64516129E-01  0.25402721E+00  0.90581133E+00
  0.93548387E+00  0.96774194E-01  0.59296661E+00  0.93043795E-02
  0.93548387E+00  0.12903226E+00  0.96448981E+00  0.43316594E+00
  0.93548387E+00  0.16129032E+00  0.42930255E+00  0.87647872E+00
  0.93548387E+00  0.19354839E+00  0.40274218E+00  0.45650581E+00
  0.93548387E+00  0.22580645E+00  0.53217000E-01  0.35680210E+00
  0.93548387E+00  0.25806452E+00  0.48043088E+00  0.13206383E+00
  0.93548387E+00  0.29032258E+00  0.79839297E+00  0.29471654E+00
  0.93548387E+00  0.32258065E+00  0.24821255E+00  0.80824124E+00
  0.93548387E+00  0.35483871E+00  0.46567909E+00  0.11223888E+00
  0.93548387E+00  0.38709677E+00  0.28627419E-01  0.30423313E+00
  0.93548387E+00  0.41935484E+00  0.40908809E+00  0.10321133E+00
  0.93548387E+00  0.45161290E+00  0.45522286E+00  0.21990391E+00
  0.93548387E+00  0.48387097E+00  0.52804538E+00  0.75880190E+00
  0.93548387E+00  0.51612903E+00  0.41792694E+00  0.27691283E+00
  0.93548387E+00  0.54838710E+00  0.16588754E+00  0.12425492E+00
  0.93548387E+00  0.58064516E+00  0.91467193E+00  0.69108944E+00
  0.93548387E+00  0.61290323E+00  0.91461092E+00  0.18689152E+00
  0.93548387E+00  0.64516129E+00  0.80926783E+00  0.57605907E+00
  0.93548387E+00  0.67741935E+00  0.32587009E+00  0.29536013E+00
  0.93548387E+00  0.70967742E+00  0.49552595E+00  0.37811836E+00
  0.93548387E+00  0.74193548E+00  0.52822645E+00  0.61013695E+00
  0.93548387E+00  0.77419355E+00  0.46763241E+00  0.34236070E+00
  0.93548387E+00  0.80645161E+00  0.75064672E+00  0.58527645E+00
  0.93548387E+00  0.83870968E+00  0.79677167E+00  0.10051760E-01
  0.93548387E+00  0.87096774E+00  0.75225150E+00  0.48141186E+00
  0.93548387E+00  0.90322581E+00  0.51400009E+00  0.74725495E+00
  0.93548387E+00  0.93548387E+00  0.15831379E+00  0.91000565E+00
  0.93548387E+00  0.96774194E+00  0.89936945E+00  0.30470691E+00
  0.93548387E+00  0.10000000E+01  0.70250755E+00  0.40885002E+00
  0.96774194E+00  0.00000000E+00  0.53722367E+00  0.74507081E+00
  0.96774194E+00  0.32258065E-01  0.64738024E+00  0.52353296E+00
  0.96774194E+00  0.64516129E-01  0.32423239E+00  0.49749583E+00
  0.96774194E+00  0.96774194E-01  0.21849245E+00  0.92383292E+00
  0.96774194E+00  0.12903226E+00  0.66253579E+00  0.34916830E+00
  0.96774194E+00  0.16129032E+00  0.26514448E+00  0.93994904E+00
  0.96774194E+00  0.19354839E+00  0.77431750E+00  0.97316212E+00
  0.96774194E+00  0.22580645E+00  0.33314725E+00  0.11269592E+00
  0.96774194E+00  0.25806452E+00  0.25376248E+00  0.96346181E-01
  0.96774194E+00  0.29032258E+00  0.43433766E+00  0.45846658E+00
  0.96774194E+00  0.32258065E+00  0.54416874E+00  0.91326374E+00
  0.96774194E+00  0.35483871E+00  0.10181535E+00  0.23736871E-01
  0.96774194E+00  0.38709677E+00  0.57130928E+00  0.78126184E+00
  0.96774194E+00  0.41935484E+00  0.60142955E+00  0.72081986E+00
  0.96774194E+00  0.45161290E+00  0.53304377E+00  0.19687066E+00
  0.96774194E+00  0.48387097E+00  0.29951591E+00  0.44487022E+00
  0.96774194E+00  0.51612903E+00  0.84518050E+00  0.53432971E-01
  0.96774194E+00  0.54838710E+00  0.18688326E+00  0.47213863E+00
  0.96774194E+00  0.58064516E+00  0.24358809E+00  0.17998347E+00
  0.96774194E+00  0.61290323E+00  0.55905048E+00  0.13947617E+00
  0.96774194E+00  0.64516129E+00  0.42557355E-01  0.16137820E+00
  0.96774194E+00  0.67741935E+00  0.85273329E+00  0.80508871E+00
  0.96774194E+00  0.70967742E+00  0.54941313E+00  0.43967397E+00
  0.96774194E+00  0.74193548E+00  0.63858107E+00  0.90541327E-01
  0.96774194E+00  0.77419355E+00  0.63537607E+00  0.69675771E+00
  0.96774194E+00  0.80645161E+00  0.77016370E+00  0.40401266E+00
  0.96774194E+00  0.83870968E+00  0.46267445E+00  0.51822588E+00
  0.96774194E+00  0.87096774E+00  0.68920833E+00  0.74479933E+00
  0.96774194E+00  0.90322581E+00  0.36790601E+00  0.33851386E+00
  0.96774194E+00  0.93548387E+00  0.88708625E+00  0.78907034E+00
  0.96774194E+00  0.96774194E+00  0.90164978E+00  0.66727537E+00
  0.96774194E+00  0.10000000E+01  0.52254964E+00  0.25687146E+00
  0.10000000E+01  0.00000000E+00  0.63358241E-01  0.18053514E+00
  0.10000000E+01  0.32258065E-01  0.61473168E+00  0.69385837E+00
  0.10000000E+01  0.64516129E-01  0.44329186E-01  0.53498566E+00
  0.10000000E+01  0.96774194E-01  0.12137185E+00  0.62789535E+00
  0.10000000E+01  0.12903226E+00  0.50831053E+00  0.21641060E+00
  0.10000000E+01  0.16129032E+00  0.14281627E+00  0.82508534E+00
  0.10000000E+01  0.19354839E+00  0.53236840E+00  0.16589108E+00
  0.10000000E+01  0.22580645E+00  0.86440272E-01  0.61570447E+00
  0.10000000E+01  0.25806452E+00  0.61128268E+00  0.88959564E+00
  0.10000000E+01  0.29032258E+00  0.92304883E-01  0.53491733E+00
  0.10000000E+01  0.32258065E+00  0.88905336E+00  0.87119481E+00
  0.10000000E+01  0.35483871E+00  0.46778816E+00  0.81653644E-03
  0.10000000E+01  0.38709677E+00  0.79665691E+00  0.51552566E+00
  0.10000000E+01  0.41935484E+00  0.52846653E+00  0.52371225E+00
  0.10000000E+01  0.45161290E+00  0.96052571E-01  0.62350635E+00
  0.10000000E+01  0.48387097E+00  0.84524617E+00  0.44667177E+00
  0.10000000E+01  0.51612903E+00  0.33043876E+00  0.39830069E+00
  0.10000000E+01  0.54838710E+00  0.89774432E+00  0.21730904E+00
  0.10000000E+01  0.58064516E+00  0.68075938E+00  0.98273266E+00
  0.10000000E+01  0.61290323E+00  0.13392063E+00  0.19082424E+00
  0.10000000E+01  0.64516129E+00  0.22846019E+00  0.52795101E+00
  0.10000000E+01  0.67741935E+00  0.43595855E+00  0.96429330E+00
  0.10000000E+01  0.70967742E+00  0.62449514E+00  0.79334376E+00
  0.10000000E+01  0.74193548E+00  0.99239662E+00  0.24220748E+00
  0.10000000E+01  0.77419355E+00  0.16458273E+00  0.27770279E+00
  0.10000000E+01  0.80645161E+00  0.57650987E+00  0.23326291E+00
  0.10000000E+01  0.83870968E+00  0.27071233E+00  0.88163836E+00
  0.10000000E+01  0.87096774E+00  0.23094113E+00  0.57840013E+00
  0.10000000E+01  0.90322581E+00  0.37890056E+00  0.10124368E+00
  0.10000000E+01  0.93548387E+00  0.35858239E+00  0.81009366E+00
  0.10000000E+01  0.96774194E+00  0.23319765E+00  0.75300947E+00
  0.10000000E+01  0.10000000E+01  0.21970616E+00  0.34289155E+00
