  32  32
  0.10285090E+01  0.53870943E+03
  0.00000000E+00  0.00000000E+00  0.00000000E+00  0.00000000E+00
  0.00000000E+00  0.32258065E-01  0.00000000E+00  0.10043084E+03
  0.00000000E+00  0.64516129E-01  0.00000000E+00  0.19608699E+03
  0.00000000E+00  0.96774194E-01  0.00000000E+00  0.28320199E+03
  0.00000000E+00  0.12903226E+00  0.00000000E+00  0.35960660E+03
  0.00000000E+00  0.16129032E+00  0.00000000E+00  0.42455830E+03
  0.00000000E+00  0.19354839E+00  0.00000000E+00  0.47768100E+03
  0.00000000E+00  0.22580645E+00  0.00000000E+00  0.51726507E+03
  0.00000000E+00  0.25806452E+00  0.00000000E+00  0.53870943E+03
  0.00000000E+00  0.29032258E+00  0.00000000E+00  0.53442048E+03
  0.00000000E+00  0.32258065E+00  0.00000000E+00  0.49653018E+03
  0.00000000E+00  0.35483871E+00  0.00000000E+00  0.42253025E+03
  0.00000000E+00  0.38709677E+00  0.00000000E+00  0.32092890E+03
  0.00000000E+00  0.41935484E+00  0.00000000E+00  0.21092769E+03
  0.00000000E+00  0.45161290E+00  0.00000000E+00  0.11252836E+03
  0.00000000E+00  0.48387097E+00  0.00000000E+00  0.34131018E+02
  0.00000000E+00  0.51612903E+00  0.00000000E+00 -0.34131018E+02
  0.00000000E+00  0.54838710E+00  0.00000000E+00 -0.11252836E+03
  0.00000000E+00  0.58064516E+00  0.00000000E+00 -0.21092769E+03
  0.00000000E+00  0.61290323E+00  0.00000000E+00 -0.32092890E+03
  0.00000000E+00  0.64516129E+00  0.00000000E+00 -0.42253025E+03
  0.00000000E+00  0.67741935E+00  0.00000000E+00 -0.49653018E+03
  0.00000000E+00  0.70967742E+00  0.00000000E+00 -0.53442048E+03
  0.00000000E+00  0.74193548E+00  0.00000000E+00 -0.53870943E+03
  0.00000000E+00  0.77419355E+00  0.00000000E+00 -0.51726507E+03
  0.00000000E+00  0.80645161E+00  0.00000000E+00 -0.47768100E+03
  0.00000000E+00  0.83870968E+00  0.00000000E+00 -0.42455830E+03
  0.00000000E+00  0.87096774E+00  0.00000000E+00 -0.35960660E+03
  0.00000000E+00  0.90322581E+00  0.00000000E+00 -0.28320199E+03
  0.00000000E+00  0.93548387E+00  0.00000000E+00 -0.19608699E+03
  0.00000000E+00  0.96774194E+00  0.00000000E+00 -0.10043084E+03
  0.00000000E+00  0.10000000E+01  0.00000000E+00  0.00000000E+00
  0.32258065E-01  0.00000000E+00  0.00000000E+00  0.00000000E+00
  0.32258065E-01  0.32258065E-01  0.36357178E-01  0.87738060E+01
  0.32258065E-01  0.64516129E-01  0.71171042E-01  0.18198243E+02
  0.32258065E-01  0.96774194E-01  0.10320589E+00  0.28681197E+02
  0.32258065E-01  0.12903226E+00  0.13171904E+00  0.40278793E+02
  0.32258065E-01  0.16129032E+00  0.15641840E+00  0.52791887E+02
  0.32258065E-01  0.19354839E+00  0.17714060E+00  0.66030682E+02
  0.32258065E-01  0.22580645E+00  0.19330873E+00  0.80088024E+02
  0.32258065E-01  0.25806452E+00  0.20339527E+00  0.95358270E+02
  0.32258065E-01  0.29032258E+00  0.20479083E+00  0.11198298E+03
  0.32258065E-01  0.32258065E+00  0.19452025E+00  0.12854342E+03
  0.32258065E-01  0.35483871E+00  0.17092153E+00  0.14047303E+03
  0.32258065E-01  0.38709677E+00  0.13558932E+00  0.13995024E+03
  0.32258065E-01  0.41935484E+00  0.93946379E-01  0.11983945E+03
  0.32258065E-01  0.45161290E+00  0.52942122E-01  0.80207561E+02
  0.32258065E-01  0.48387097E+00  0.16713322E-01  0.28106979E+02
  0.32258065E-01  0.51612903E+00 -0.16713322E-01 -0.28106979E+02
  0.32258065E-01  0.54838710E+00 -0.52942122E-01 -0.80207561E+02
  0.32258065E-01  0.58064516E+00 -0.93946379E-01 -0.11983945E+03
  0.32258065E-01  0.61290323E+00 -0.13558932E+00 -0.13995024E+03
  0.32258065E-01  0.64516129E+00 -0.17092153E+00 -0.14047303E+03
  0.32258065E-01  0.67741935E+00 -0.19452025E+00 -0.12854342E+03
  0.32258065E-01  0.70967742E+00 -0.20479083E+00 -0.11198298E+03
  0.32258065E-01  0.74193548E+00 -0.20339527E+00 -0.95358270E+02
  0.32258065E-01  0.77419355E+00 -0.19330873E+00 -0.80088024E+02
  0.32258065E-01  0.80645161E+00 -0.17714060E+00 -0.66030682E+02
  0.32258065E-01  0.83870968E+00 -0.15641840E+00 -0.52791887E+02
  0.32258065E-01  0.87096774E+00 -0.13171904E+00 -0.40278793E+02
  0.32258065E-01  0.90322581E+00 -0.10320589E+00 -0.28681197E+02
  0.32258065E-01  0.93548387E+00 -0.71171042E-01 -0.18198243E+02
  0.32258065E-01  0.96774194E+00 -0.36357178E-01 -0.87738060E+01
  0.32258065E-01  0.10000000E+01  0.00000000E+00  0.00000000E+00
  0.64516129E-01  0.00000000E+00  0.00000000E+00  0.00000000E+00
  0.64516129E-01  0.32258065E-01  0.83387540E-01 -0.18683123E+02
  0.64516129E-01  0.64516129E-01  0.16405788E+00 -0.36570480E+02
  0.64516129E-01  0.96774194E-01  0.23977865E+00 -0.52968960E+02
  0.64516129E-01  0.12903226E+00  0.30916529E+00 -0.67406177E+02
  0.64516129E-01  0.16129032E+00  0.37174828E+00 -0.79722142E+02
  0.64516129E-01  0.19354839E+00  0.42754564E+00 -0.90036372E+02
  0.64516129E-01  0.22580645E+00  0.47603728E+00 -0.98486717E+02
  0.64516129E-01  0.25806452E+00  0.51470969E+00 -0.10467491E+03
  0.64516129E-01  0.29032258E+00  0.53777536E+00 -0.10687301E+03
  0.64516129E-01  0.32258065E+00  0.53612871E+00 -0.10142022E+03
  0.64516129E-01  0.35483871E+00  0.49975034E+00 -0.83472685E+02
  0.64516129E-01  0.38709677E+00  0.42311920E+00 -0.50772352E+02
  0.64516129E-01  0.41935484E+00  0.31195693E+00 -0.11086832E+02
  0.64516129E-01  0.45161290E+00  0.18457139E+00  0.15168681E+02
  0.64516129E-01  0.48387097E+00  0.59872125E-01  0.10926086E+02
  0.64516129E-01  0.51612903E+00 -0.59872125E-01 -0.10926086E+02
  0.64516129E-01  0.54838710E+00 -0.18457139E+00 -0.15168681E+02
  0.64516129E-01  0.58064516E+00 -0.31195693E+00  0.11086832E+02
  0.64516129E-01  0.61290323E+00 -0.42311920E+00  0.50772352E+02
  0.64516129E-01  0.64516129E+00 -0.49975034E+00  0.83472685E+02
  0.64516129E-01  0.67741935E+00 -0.53612871E+00  0.10142022E+03
  0.64516129E-01  0.70967742E+00 -0.53777536E+00  0.10687301E+03
  0.64516129E-01  0.74193548E+00 -0.51470969E+00  0.10467491E+03
  0.64516129E-01  0.77419355E+00 -0.47603728E+00  0.98486717E+02
  0.64516129E-01  0.80645161E+00 -0.42754564E+00  0.90036372E+02
  0.64516129E-01  0.83870968E+00 -0.37174828E+00  0.79722142E+02
  0.64516129E-01  0.87096774E+00 -0.30916529E+00  0.67406177E+02
  0.64516129E-01  0.90322581E+00 -0.23977865E+00  0.52968960E+02
  0.64516129E-01  0.93548387E+00 -0.16405788E+00  0.36570480E+02
  0.64516129E-01  0.96774194E+00 -0.83387540E-01  0.18683123E+02
  0.64516129E-01  0.10000000E+01  0.00000000E+00  0.00000000E+00
  0.96774194E-01  0.00000000E+00  0.00000000E+00  0.00000000E+00
  0.96774194E-01  0.32258065E-01  0.11369377E+00 -0.17619398E+02
  0.96774194E-01  0.64516129E-01  0.22383966E+00 -0.34706270E+02
  0.96774194E-01  0.96774194E-01  0.32756695E+00 -0.50742800E+02
  0.96774194E-01  0.12903226E+00  0.42327347E+00 -0.65347447E+02
  0.96774194E-01  0.16129032E+00  0.51090632E+00 -0.78531761E+02
  0.96774194E-01  0.19354839E+00  0.59156612E+00 -0.91003977E+02
  0.96774194E-01  0.22580645E+00  0.66610148E+00 -0.10426382E+03
  0.96774194E-01  0.25806452E+00  0.73270793E+00 -0.12003696E+03
  0.96774194E-01  0.29032258E+00  0.78426201E+00 -0.13869962E+03
  0.96774194E-01  0.32258065E+00  0.80693274E+00 -0.15699693E+03
  0.96774194E-01  0.35483871E+00  0.78197171E+00 -0.16610742E+03
  0.96774194E-01  0.38709677E+00  0.69234737E+00 -0.15222279E+03
  0.96774194E-01  0.41935484E+00  0.53465398E+00 -0.10650917E+03
  0.96774194E-01  0.45161290E+00  0.32929865E+00 -0.46424540E+02
  0.96774194E-01  0.48387097E+00  0.10944541E+00 -0.86183397E+01
  0.96774194E-01  0.51612903E+00 -0.10944541E+00  0.86183397E+01
  0.96774194E-01  0.54838710E+00 -0.32929865E+00  0.46424540E+02
  0.96774194E-01  0.58064516E+00 -0.53465398E+00  0.10650917E+03
  0.96774194E-01  0.61290323E+00 -0.69234737E+00  0.15222279E+03
  0.96774194E-01  0.64516129E+00 -0.78197171E+00  0.16610742E+03
  0.96774194E-01  0.67741935E+00 -0.80693274E+00  0.15699693E+03
  0.96774194E-01  0.70967742E+00 -0.78426201E+00  0.13869962E+03
  0.96774194E-01  0.74193548E+00 -0.73270793E+00  0.12003696E+03
  0.96774194E-01  0.77419355E+00 -0.66610148E+00  0.10426382E+03
  0.96774194E-01  0.80645161E+00 -0.59156612E+00  0.91003977E+02
  0.96774194E-01  0.83870968E+00 -0.51090632E+00  0.78531761E+02
  0.96774194E-01  0.87096774E+00 -0.42327347E+00  0.65347447E+02
  0.96774194E-01  0.90322581E+00 -0.32756695E+00  0.50742800E+02
  0.96774194E-01  0.93548387E+00 -0.22383966E+00  0.34706270E+02
  0.96774194E-01  0.96774194E+00 -0.11369377E+00  0.17619398E+02
  0.96774194E-01  0.10000000E+01  0.00000000E+00  0.00000000E+00
  0.12903226E+00  0.00000000E+00  0.00000000E+00  0.00000000E+00
  0.12903226E+00  0.32258065E-01  0.12921344E+00 -0.13190410E+02
  0.12903226E+00  0.64516129E-01  0.25392530E+00 -0.25506804E+02
  0.12903226E+00  0.96774194E-01  0.37057394E+00 -0.36139785E+02
  0.12903226E+00  0.12903226E+00  0.47745591E+00 -0.44625077E+02
  0.12903226E+00  0.16129032E+00  0.57531860E+00 -0.51368393E+02
  0.12903226E+00  0.19354839E+00  0.66701389E+00 -0.58190256E+02
  0.12903226E+00  0.22580645E+00  0.75559944E+00 -0.68385488E+02
  0.12903226E+00  0.25806452E+00  0.84085017E+00 -0.85637680E+02
  0.12903226E+00  0.29032258E+00  0.91530357E+00 -0.11172137E+03
  0.12903226E+00  0.32258065E+00  0.96200024E+00 -0.14398905E+03
  0.12903226E+00  0.35483871E+00  0.95600787E+00 -0.17327444E+03
  0.12903226E+00  0.38709677E+00  0.87124417E+00 -0.18218618E+03
  0.12903226E+00  0.41935484E+00  0.69418136E+00 -0.15097682E+03
  0.12903226E+00  0.45161290E+00  0.44021526E+00 -0.84925675E+02
  0.12903226E+00  0.48387097E+00  0.14908816E+00 -0.23288738E+02
  0.12903226E+00  0.51612903E+00 -0.14908816E+00  0.23288738E+02
  0.12903226E+00  0.54838710E+00 -0.44021526E+00  0.84925675E+02
  0.12903226E+00  0.58064516E+00 -0.69418136E+00  0.15097682E+03
  0.12903226E+00  0.61290323E+00 -0.87124417E+00  0.18218618E+03
  0.12903226E+00  0.64516129E+00 -0.95600787E+00  0.17327444E+03
  0.12903226E+00  0.67741935E+00 -0.96200024E+00  0.14398905E+03
  0.12903226E+00  0.70967742E+00 -0.91530357E+00  0.11172137E+03
  0.12903226E+00  0.74193548E+00 -0.84085017E+00  0.85637680E+02
  0.12903226E+00  0.77419355E+00 -0.75559944E+00  0.68385488E+02
  0.12903226E+00  0.80645161E+00 -0.66701389E+00  0.58190256E+02
  0.12903226E+00  0.83870968E+00 -0.57531860E+00  0.51368393E+02
  0.12903226E+00  0.87096774E+00 -0.47745591E+00  0.44625077E+02
  0.12903226E+00  0.90322581E+00 -0.37057394E+00  0.36139785E+02
  0.12903226E+00  0.93548387E+00 -0.25392530E+00  0.25506804E+02
  0.12903226E+00  0.96774194E+00 -0.12921344E+00  0.13190410E+02
  0.12903226E+00  0.10000000E+01  0.00000000E+00  0.00000000E+00
  0.16129032E+00  0.00000000E+00  0.00000000E+00  0.00000000E+00
  0.16129032E+00  0.32258065E-01  0.13550897E+00 -0.10307089E+02
  0.16129032E+00  0.64516129E-01  0.26553223E+00 -0.19333964E+02
  0.16129032E+00  0.96774194E-01  0.38574116E+00 -0.25858712E+02
  0.16129032E+00  0.12903226E+00  0.49422155E+00 -0.29196668E+02
  0.16129032E+00  0.16129032E+00  0.59244522E+00 -0.30100963E+02
  0.16129032E+00  0.19354839E+00  0.68501960E+00 -0.31525645E+02
  0.16129032E+00  0.22580645E+00  0.77727148E+00 -0.38345286E+02
  0.16129032E+00  0.25806452E+00  0.87067666E+00 -0.55388563E+02
  0.16129032E+00  0.29032258E+00  0.95784652E+00 -0.84450171E+02
  0.16129032E+00  0.32258065E+00  0.10199243E+01 -0.12216280E+03
  0.16129032E+00  0.35483871E+00  0.10285090E+01 -0.15917994E+03
  0.16129032E+00  0.38709677E+00  0.95286031E+00 -0.17888877E+03
  0.16129032E+00  0.41935484E+00  0.77350815E+00 -0.16018423E+03
  0.16129032E+00  0.45161290E+00  0.49992068E+00 -0.10028314E+03
  0.16129032E+00  0.48387097E+00  0.17154629E+00 -0.30950805E+02
  0.16129032E+00  0.51612903E+00 -0.17154629E+00  0.30950805E+02
  0.16129032E+00  0.54838710E+00 -0.49992068E+00  0.10028314E+03
  0.16129032E+00  0.58064516E+00 -0.77350815E+00  0.16018423E+03
  0.16129032E+00  0.61290323E+00 -0.95286031E+00  0.17888877E+03
  0.16129032E+00  0.64516129E+00 -0.10285090E+01  0.15917994E+03
  0.16129032E+00  0.67741935E+00 -0.10199243E+01  0.12216280E+03
  0.16129032E+00  0.70967742E+00 -0.95784652E+00  0.84450171E+02
  0.16129032E+00  0.74193548E+00 -0.87067666E+00  0.55388563E+02
  0.16129032E+00  0.77419355E+00 -0.77727148E+00  0.38345286E+02
  0.16129032E+00  0.80645161E+00 -0.68501960E+00  0.31525645E+02
  0.16129032E+00  0.83870968E+00 -0.59244522E+00  0.30100963E+02
  0.16129032E+00  0.87096774E+00 -0.49422155E+00  0.29196668E+02
  0.16129032E+00  0.90322581E+00 -0.38574116E+00  0.25858712E+02
  0.16129032E+00  0.93548387E+00 -0.26553223E+00  0.19333964E+02
  0.16129032E+00  0.96774194E+00 -0.13550897E+00  0.10307089E+02
  0.16129032E+00  0.10000000E+01  0.00000000E+00  0.00000000E+00
  0.19354839E+00  0.00000000E+00  0.00000000E+00  0.00000000E+00
  0.19354839E+00  0.32258065E-01  0.13656483E+00 -0.87452380E+01
  0.19354839E+00  0.64516129E-01  0.26683490E+00 -0.16042319E+02
  0.19354839E+00  0.96774194E-01  0.38572880E+00 -0.20367738E+02
  0.19354839E+00  0.12903226E+00  0.49086236E+00 -0.20691252E+02
  0.19354839E+00  0.16129032E+00  0.58389859E+00 -0.17725515E+02
  0.19354839E+00  0.19354839E+00  0.67054276E+00 -0.14994025E+02
  0.19354839E+00  0.22580645E+00  0.75788879E+00 -0.18384205E+02
  0.19354839E+00  0.25806452E+00  0.84910206E+00 -0.33525841E+02
  0.19354839E+00  0.29032258E+00  0.93760421E+00 -0.62184556E+02
  0.19354839E+00  0.32258065E+00  0.10042209E+01 -0.10018914E+03
  0.19354839E+00  0.35483871E+00  0.10196035E+01 -0.13770429E+03
  0.19354839E+00  0.38709677E+00  0.95203137E+00 -0.15969660E+03
  0.19354839E+00  0.41935484E+00  0.78038532E+00 -0.14829035E+03
  0.19354839E+00  0.45161290E+00  0.51006011E+00 -0.98398485E+02
  0.19354839E+00  0.48387097E+00  0.17651574E+00 -0.32344474E+02
  0.19354839E+00  0.51612903E+00 -0.17651574E+00  0.32344474E+02
  0.19354839E+00  0.54838710E+00 -0.51006011E+00  0.98398485E+02
  0.19354839E+00  0.58064516E+00 -0.78038532E+00  0.14829035E+03
  0.19354839E+00  0.61290323E+00 -0.95203137E+00  0.15969660E+03
  0.19354839E+00  0.64516129E+00 -0.10196035E+01  0.13770429E+03
  0.19354839E+00  0.67741935E+00 -0.10042209E+01  0.10018914E+03
  0.19354839E+00  0.70967742E+00 -0.93760421E+00  0.62184556E+02
  0.19354839E+00  0.74193548E+00 -0.84910206E+00  0.33525841E+02
  0.19354839E+00  0.77419355E+00 -0.75788879E+00  0.18384205E+02
  0.19354839E+00  0.80645161E+00 -0.67054276E+00  0.14994025E+02
  0.19354839E+00  0.83870968E+00 -0.58389859E+00  0.17725515E+02
  0.19354839E+00  0.87096774E+00 -0.49086236E+00  0.20691252E+02
  0.19354839E+00  0.90322581E+00 -0.38572880E+00  0.20367738E+02
  0.19354839E+00  0.93548387E+00 -0.26683490E+00  0.16042319E+02
  0.19354839E+00  0.96774194E+00 -0.13656483E+00  0.87452380E+01
  0.19354839E+00  0.10000000E+01  0.00000000E+00  0.00000000E+00
  0.22580645E+00  0.00000000E+00  0.00000000E+00  0.00000000E+00
  0.22580645E+00  0.32258065E-01  0.13481529E+00 -0.79405077E+01
  0.22580645E+00  0.64516129E-01  0.26282040E+00 -0.14524105E+02
  0.22580645E+00  0.96774194E-01  0.37828244E+00 -0.18103286E+02
  0.22580645E+00  0.12903226E+00  0.47806955E+00 -0.17231379E+02
  0.22580645E+00  0.16129032E+00  0.56329913E+00 -0.12105776E+02
  0.22580645E+00  0.19354839E+00  0.63976156E+00 -0.60311887E+01
  0.22580645E+00  0.22580645E+00  0.71550857E+00 -0.52282555E+01
  0.22580645E+00  0.25806452E+00  0.79535218E+00 -0.16043422E+02
  0.22580645E+00  0.29032258E+00  0.87453922E+00 -0.40814556E+02
  0.22580645E+00  0.32258065E+00  0.93549632E+00 -0.75384262E+02
  0.22580645E+00  0.35483871E+00  0.95036021E+00 -0.10985413E+03
  0.22580645E+00  0.38709677E+00  0.88909880E+00 -0.13075139E+03
  0.22580645E+00  0.41935484E+00  0.73163329E+00 -0.12412193E+03
  0.22580645E+00  0.45161290E+00  0.48102692E+00 -0.85413904E+02
  0.22580645E+00  0.48387097E+00  0.16731521E+00 -0.29208542E+02
  0.22580645E+00  0.51612903E+00 -0.16731521E+00  0.29208542E+02
  0.22580645E+00  0.54838710E+00 -0.48102692E+00  0.85413904E+02
  0.22580645E+00  0.58064516E+00 -0.73163329E+00  0.12412193E+03
  0.22580645E+00  0.61290323E+00 -0.88909880E+00  0.13075139E+03
  0.22580645E+00  0.64516129E+00 -0.95036021E+00  0.10985413E+03
  0.22580645E+00  0.67741935E+00 -0.93549632E+00  0.75384262E+02
  0.22580645E+00  0.70967742E+00 -0.87453922E+00  0.40814556E+02
  0.22580645E+00  0.74193548E+00 -0.79535218E+00  0.16043422E+02
  0.22580645E+00  0.77419355E+00 -0.71550857E+00  0.52282555E+01
  0.22580645E+00  0.80645161E+00 -0.63976156E+00  0.60311887E+01
  0.22580645E+00  0.83870968E+00 -0.56329913E+00  0.12105776E+02
  0.22580645E+00  0.87096774E+00 -0.47806955E+00  0.17231379E+02
  0.22580645E+00  0.90322581E+00 -0.37828244E+00  0.18103286E+02
  0.22580645E+00  0.93548387E+00 -0.26282040E+00  0.14524105E+02
  0.22580645E+00  0.96774194E+00 -0.13481529E+00  0.79405077E+01
  0.22580645E+00  0.10000000E+01  0.00000000E+00  0.00000000E+00
  0.25806452E+00  0.00000000E+00  0.00000000E+00  0.00000000E+00
  0.25806452E+00  0.32258065E-01  0.13161317E+00 -0.74709807E+01
  0.25806452E+00  0.64516129E-01  0.25623544E+00 -0.13867247E+02
  0.25806452E+00  0.96774194E-01  0.36767304E+00 -0.17613825E+02
  0.25806452E+00  0.12903226E+00  0.46190360E+00 -0.16918172E+02
  0.25806452E+00  0.16129032E+00  0.53886978E+00 -0.11178032E+02
  0.25806452E+00  0.19354839E+00  0.60341980E+00 -0.27854280E+01
  0.25806452E+00  0.22580645E+00  0.66359133E+00  0.24674921E+01
  0.25806452E+00  0.25806452E+00  0.72556437E+00 -0.21999092E+01
  0.25806452E+00  0.29032258E+00  0.78723323E+00 -0.20184984E+02
  0.25806452E+00  0.32258065E+00  0.83442144E+00 -0.48373826E+02
  0.25806452E+00  0.35483871E+00  0.84292989E+00 -0.77749178E+02
  0.25806452E+00  0.38709677E+00  0.78631270E+00 -0.96540905E+02
  0.25806452E+00  0.41935484E+00  0.64686299E+00 -0.93989982E+02
  0.25806452E+00  0.45161290E+00  0.42621882E+00 -0.66574766E+02
  0.25806452E+00  0.48387097E+00  0.14863949E+00 -0.23413508E+02
  0.25806452E+00  0.51612903E+00 -0.14863949E+00  0.23413508E+02
  0.25806452E+00  0.54838710E+00 -0.42621882E+00  0.66574766E+02
  0.25806452E+00  0.58064516E+00 -0.64686299E+00  0.93989982E+02
  0.25806452E+00  0.61290323E+00 -0.78631270E+00  0.96540905E+02
  0.25806452E+00  0.64516129E+00 -0.84292989E+00  0.77749178E+02
  0.25806452E+00  0.67741935E+00 -0.83442144E+00  0.48373826E+02
  0.25806452E+00  0.70967742E+00 -0.78723323E+00  0.20184984E+02
  0.25806452E+00  0.74193548E+00 -0.72556437E+00  0.21999092E+01
  0.25806452E+00  0.77419355E+00 -0.66359133E+00 -0.24674921E+01
  0.25806452E+00  0.80645161E+00 -0.60341980E+00  0.27854280E+01
  0.25806452E+00  0.83870968E+00 -0.53886978E+00  0.11178032E+02
  0.25806452E+00  0.87096774E+00 -0.46190360E+00  0.16918172E+02
  0.25806452E+00  0.90322581E+00 -0.36767304E+00  0.17613825E+02
  0.25806452E+00  0.93548387E+00 -0.25623544E+00  0.13867247E+02
  0.25806452E+00  0.96774194E+00 -0.13161317E+00  0.74709807E+01
  0.25806452E+00  0.10000000E+01  0.00000000E+00  0.00000000E+00
  0.29032258E+00  0.00000000E+00  0.00000000E+00  0.00000000E+00
  0.29032258E+00  0.32258065E-01  0.12762777E+00 -0.70715123E+01
  0.29032258E+00  0.64516129E-01  0.24840514E+00 -0.13446786E+02
  0.29032258E+00  0.96774194E-01  0.35594204E+00 -0.17798628E+02
  0.29032258E+00  0.12903226E+00  0.44539727E+00 -0.18194950E+02
  0.29032258E+00  0.16129032E+00  0.51522492E+00 -0.13249761E+02
  0.29032258E+00  0.19354839E+00  0.56855807E+00 -0.40413015E+01
  0.29032258E+00  0.22580645E+00  0.61244022E+00  0.48010909E+01
  0.29032258E+00  0.25806452E+00  0.65379153E+00  0.66572375E+01
  0.29032258E+00  0.29032258E+00  0.69340375E+00 -0.29923677E+01
  0.29032258E+00  0.32258065E+00  0.72168936E+00 -0.22873278E+02
  0.29032258E+00  0.35483871E+00  0.71972075E+00 -0.45823105E+02
  0.29032258E+00  0.38709677E+00  0.66590033E+00 -0.62039847E+02
  0.29032258E+00  0.41935484E+00  0.54548278E+00 -0.63100982E+02
  0.29032258E+00  0.45161290E+00  0.35906935E+00 -0.46149051E+02
  0.29032258E+00  0.48387097E+00  0.12529973E+00 -0.16620276E+02
  0.29032258E+00  0.51612903E+00 -0.12529973E+00  0.16620276E+02
  0.29032258E+00  0.54838710E+00 -0.35906935E+00  0.46149051E+02
  0.29032258E+00  0.58064516E+00 -0.54548278E+00  0.63100982E+02
  0.29032258E+00  0.61290323E+00 -0.66590033E+00  0.62039847E+02
  0.29032258E+00  0.64516129E+00 -0.71972075E+00  0.45823105E+02
  0.29032258E+00  0.67741935E+00 -0.72168936E+00  0.22873278E+02
  0.29032258E+00  0.70967742E+00 -0.69340375E+00  0.29923677E+01
  0.29032258E+00  0.74193548E+00 -0.65379153E+00 -0.66572375E+01
  0.29032258E+00  0.77419355E+00 -0.61244022E+00 -0.48010909E+01
  0.29032258E+00  0.80645161E+00 -0.56855807E+00  0.40413015E+01
  0.29032258E+00  0.83870968E+00 -0.51522492E+00  0.13249761E+02
  0.29032258E+00  0.87096774E+00 -0.44539727E+00  0.18194950E+02
  0.29032258E+00  0.90322581E+00 -0.35594204E+00  0.17798628E+02
  0.29032258E+00  0.93548387E+00 -0.24840514E+00  0.13446786E+02
  0.29032258E+00  0.96774194E+00 -0.12762777E+00  0.70715123E+01
  0.29032258E+00  0.10000000E+01  0.00000000E+00  0.00000000E+00
  0.32258065E+00  0.00000000E+00  0.00000000E+00  0.00000000E+00
  0.32258065E+00  0.32258065E-01  0.12313428E+00 -0.66071567E+01
  0.32258065E+00  0.64516129E-01  0.23982281E+00 -0.12899279E+02
  0.32258065E+00  0.96774194E-01  0.34377178E+00 -0.17909141E+02
  0.32258065E+00  0.12903226E+00  0.42958515E+00 -0.19823284E+02
  0.32258065E+00  0.16129032E+00  0.49428708E+00 -0.16743072E+02
  0.32258065E+00  0.19354839E+00  0.53894203E+00 -0.84214716E+01
  0.32258065E+00  0.22580645E+00  0.56881588E+00  0.21667732E+01
  0.32258065E+00  0.25806452E+00  0.59068520E+00  0.93158413E+01
  0.32258065E+00  0.29032258E+00  0.60778708E+00  0.78289163E+01
  0.32258065E+00  0.32258065E+00  0.61540994E+00 -0.31174251E+01
  0.32258065E+00  0.35483871E+00  0.60068071E+00 -0.18893981E+02
  0.32258065E+00  0.38709677E+00  0.54752748E+00 -0.31956321E+02
  0.32258065E+00  0.41935484E+00  0.44443665E+00 -0.35654571E+02
  0.32258065E+00  0.45161290E+00  0.29125415E+00 -0.27405433E+02
  0.32258065E+00  0.48387097E+00  0.10149504E+00 -0.10139421E+02
  0.32258065E+00  0.51612903E+00 -0.10149504E+00  0.10139421E+02
  0.32258065E+00  0.54838710E+00 -0.29125415E+00  0.27405433E+02
  0.32258065E+00  0.58064516E+00 -0.44443665E+00  0.35654571E+02
  0.32258065E+00  0.61290323E+00 -0.54752748E+00  0.31956321E+02
  0.32258065E+00  0.64516129E+00 -0.60068071E+00  0.18893981E+02
  0.32258065E+00  0.67741935E+00 -0.61540994E+00  0.31174251E+01
  0.32258065E+00  0.70967742E+00 -0.60778708E+00 -0.78289163E+01
  0.32258065E+00  0.74193548E+00 -0.59068520E+00 -0.93158413E+01
  0.32258065E+00  0.77419355E+00 -0.56881588E+00 -0.21667732E+01
  0.32258065E+00  0.80645161E+00 -0.53894203E+00  0.84214716E+01
  0.32258065E+00  0.83870968E+00 -0.49428708E+00  0.16743072E+02
  0.32258065E+00  0.87096774E+00 -0.42958515E+00  0.19823284E+02
  0.32258065E+00  0.90322581E+00 -0.34377178E+00  0.17909141E+02
  0.32258065E+00  0.93548387E+00 -0.23982281E+00  0.12899279E+02
  0.32258065E+00  0.96774194E+00 -0.12313428E+00  0.66071567E+01
  0.32258065E+00  0.10000000E+01  0.00000000E+00  0.00000000E+00
  0.35483871E+00  0.00000000E+00  0.00000000E+00  0.00000000E+00
  0.35483871E+00  0.32258065E-01  0.11821124E+00 -0.60400402E+01
  0.35483871E+00  0.64516129E-01  0.23055729E+00 -0.12076580E+02
  0.35483871E+00  0.96774194E-01  0.33110118E+00 -0.17530340E+02
  0.35483871E+00  0.12903226E+00  0.41425671E+00 -0.20919712E+02
  0.35483871E+00  0.16129032E+00  0.47597368E+00 -0.20219262E+02
  0.35483871E+00  0.19354839E+00  0.51534383E+00 -0.14188200E+02
  0.35483871E+00  0.22580645E+00  0.53545079E+00 -0.40663121E+01
  0.35483871E+00  0.25806452E+00  0.54204022E+00  0.59747284E+01
  0.35483871E+00  0.29032258E+00  0.53979605E+00  0.10856493E+02
  0.35483871E+00  0.32258065E+00  0.52823868E+00  0.80510134E+01
  0.35483871E+00  0.35483871E+00  0.50040391E+00 -0.50698627E+00
  0.35483871E+00  0.38709677E+00  0.44583904E+00 -0.97463831E+01
  0.35483871E+00  0.41935484E+00  0.35638068E+00 -0.14582534E+02
  0.35483871E+00  0.45161290E+00  0.23149793E+00 -0.12560447E+02
  0.35483871E+00  0.48387097E+00  0.80370436E-01 -0.48709175E+01
  0.35483871E+00  0.51612903E+00 -0.80370436E-01  0.48709175E+01
  0.35483871E+00  0.54838710E+00 -0.23149793E+00  0.12560447E+02
  0.35483871E+00  0.58064516E+00 -0.35638068E+00  0.14582534E+02
  0.35483871E+00  0.61290323E+00 -0.44583904E+00  0.97463831E+01
  0.35483871E+00  0.64516129E+00 -0.50040391E+00  0.50698627E+00
  0.35483871E+00  0.67741935E+00 -0.52823868E+00 -0.80510134E+01
  0.35483871E+00  0.70967742E+00 -0.53979605E+00 -0.10856493E+02
  0.35483871E+00  0.74193548E+00 -0.54204022E+00 -0.59747284E+01
  0.35483871E+00  0.77419355E+00 -0.53545079E+00  0.40663121E+01
  0.35483871E+00  0.80645161E+00 -0.51534383E+00  0.14188200E+02
  0.35483871E+00  0.83870968E+00 -0.47597368E+00  0.20219262E+02
  0.35483871E+00  0.87096774E+00 -0.41425671E+00  0.20919712E+02
  0.35483871E+00  0.90322581E+00 -0.33110118E+00  0.17530340E+02
  0.35483871E+00  0.93548387E+00 -0.23055729E+00  0.12076580E+02
  0.35483871E+00  0.96774194E+00 -0.11821124E+00  0.60400402E+01
  0.35483871E+00  0.10000000E+01  0.00000000E+00  0.00000000E+00
  0.38709677E+00  0.00000000E+00  0.00000000E+00  0.00000000E+00
  0.38709677E+00  0.32258065E-01  0.11286824E+00 -0.53956302E+01
  0.38709677E+00  0.64516129E-01  0.22052724E+00 -0.10989689E+02
  0.38709677E+00  0.96774194E-01  0.31757715E+00 -0.16542349E+02
  0.38709677E+00  0.12903226E+00  0.39859815E+00 -0.21012736E+02
  0.38709677E+00  0.16129032E+00  0.45896726E+00 -0.22595930E+02
  0.38709677E+00  0.19354839E+00  0.49624486E+00 -0.19560186E+02
  0.38709677E+00  0.22580645E+00  0.51137188E+00 -0.11734032E+02
  0.38709677E+00  0.25806452E+00  0.50844603E+00 -0.15227355E+01
  0.38709677E+00  0.29032258E+00  0.49241530E+00  0.69066871E+01
  0.38709677E+00  0.32258065E+00  0.46572258E+00  0.10191807E+02
  0.38709677E+00  0.35483871E+00  0.42632963E+00  0.80144080E+01
  0.38709677E+00  0.38709677E+00  0.36890219E+00  0.30081495E+01
  0.38709677E+00  0.41935484E+00  0.28857474E+00 -0.13168515E+01
  0.38709677E+00  0.45161290E+00  0.18491628E+00 -0.27405621E+01
  0.38709677E+00  0.48387097E+00  0.63790611E-01 -0.12897839E+01
  0.38709677E+00  0.51612903E+00 -0.63790611E-01  0.12897839E+01
  0.38709677E+00  0.54838710E+00 -0.18491628E+00  0.27405621E+01
  0.38709677E+00  0.58064516E+00 -0.28857474E+00  0.13168515E+01
  0.38709677E+00  0.61290323E+00 -0.36890219E+00 -0.30081495E+01
  0.38709677E+00  0.64516129E+00 -0.42632963E+00 -0.80144080E+01
  0.38709677E+00  0.67741935E+00 -0.46572258E+00 -0.10191807E+02
  0.38709677E+00  0.70967742E+00 -0.49241530E+00 -0.69066871E+01
  0.38709677E+00  0.74193548E+00 -0.50844603E+00  0.15227355E+01
  0.38709677E+00  0.77419355E+00 -0.51137188E+00  0.11734032E+02
  0.38709677E+00  0.80645161E+00 -0.49624486E+00  0.19560186E+02
  0.38709677E+00  0.83870968E+00 -0.45896726E+00  0.22595930E+02
  0.38709677E+00  0.87096774E+00 -0.39859815E+00  0.21012736E+02
  0.38709677E+00  0.90322581E+00 -0.31757715E+00  0.16542349E+02
  0.38709677E+00  0.93548387E+00 -0.22052724E+00  0.10989689E+02
  0.38709677E+00  0.96774194E+00 -0.11286824E+00  0.53956302E+01
  0.38709677E+00  0.10000000E+01  0.00000000E+00  0.00000000E+00
  0.41935484E+00  0.00000000E+00  0.00000000E+00  0.00000000E+00
  0.41935484E+00  0.32258065E-01  0.10711989E+00 -0.47308649E+01
  0.41935484E+00  0.64516129E-01  0.20967058E+00 -0.97458056E+01
  0.41935484E+00  0.96774194E-01  0.30286838E+00 -0.15047707E+02
  0.41935484E+00  0.12903226E+00  0.38172597E+00 -0.20033928E+02
  0.41935484E+00  0.16129032E+00  0.44153944E+00 -0.23332515E+02
  0.41935484E+00  0.19354839E+00  0.47894245E+00 -0.23196745E+02
  0.41935484E+00  0.22580645E+00  0.49313561E+00 -0.18593641E+02
  0.41935484E+00  0.25806452E+00  0.48637221E+00 -0.10366144E+02
  0.41935484E+00  0.29032258E+00  0.46288351E+00 -0.13130684E+01
  0.41935484E+00  0.32258065E+00  0.42651211E+00  0.53176586E+01
  0.41935484E+00  0.35483871E+00  0.37862951E+00  0.78345636E+01
  0.41935484E+00  0.38709677E+00  0.31799556E+00  0.68525934E+01
  0.41935484E+00  0.41935484E+00  0.24272954E+00  0.43304318E+01
  0.41935484E+00  0.45161290E+00  0.15295005E+00  0.20191407E+01
  0.41935484E+00  0.48387097E+00  0.52324214E-01  0.53920154E+00
  0.41935484E+00  0.51612903E+00 -0.52324214E-01 -0.53920154E+00
  0.41935484E+00  0.54838710E+00 -0.15295005E+00 -0.20191407E+01
  0.41935484E+00  0.58064516E+00 -0.24272954E+00 -0.43304318E+01
  0.41935484E+00  0.61290323E+00 -0.31799556E+00 -0.68525934E+01
  0.41935484E+00  0.64516129E+00 -0.37862951E+00 -0.78345636E+01
  0.41935484E+00  0.67741935E+00 -0.42651211E+00 -0.53176586E+01
  0.41935484E+00  0.70967742E+00 -0.46288351E+00  0.13130684E+01
  0.41935484E+00  0.74193548E+00 -0.48637221E+00  0.10366144E+02
  0.41935484E+00  0.77419355E+00 -0.49313561E+00  0.18593641E+02
  0.41935484E+00  0.80645161E+00 -0.47894245E+00  0.23196745E+02
  0.41935484E+00  0.83870968E+00 -0.44153944E+00  0.23332515E+02
  0.41935484E+00  0.87096774E+00 -0.38172597E+00  0.20033928E+02
  0.41935484E+00  0.90322581E+00 -0.30286838E+00  0.15047707E+02
  0.41935484E+00  0.93548387E+00 -0.20967058E+00  0.97458056E+01
  0.41935484E+00  0.96774194E+00 -0.10711989E+00  0.47308649E+01
  0.41935484E+00  0.10000000E+01  0.00000000E+00  0.00000000E+00
  0.45161290E+00  0.00000000E+00  0.00000000E+00  0.00000000E+00
  0.45161290E+00  0.32258065E-01  0.10101788E+00 -0.41072633E+01
  0.45161290E+00  0.64516129E-01  0.19802551E+00 -0.84870576E+01
  0.45161290E+00  0.96774194E-01  0.28684141E+00 -0.13273892E+02
  0.45161290E+00  0.12903226E+00  0.36305096E+00 -0.18219994E+02
  0.45161290E+00  0.16129032E+00  0.42224265E+00 -0.22445361E+02
  0.45161290E+00  0.19354839E+00  0.46071177E+00 -0.24509591E+02
  0.45161290E+00  0.22580645E+00  0.47650769E+00 -0.23069947E+02
  0.45161290E+00  0.25806452E+00  0.47023685E+00 -0.17889196E+02
  0.45161290E+00  0.29032258E+00  0.44486805E+00 -0.10386470E+02
  0.45161290E+00  0.32258065E+00  0.40434632E+00 -0.30384679E+01
  0.45161290E+00  0.35483871E+00  0.35183326E+00  0.20469422E+01
  0.45161290E+00  0.38709677E+00  0.28885170E+00  0.41865645E+01
  0.45161290E+00  0.41935484E+00  0.21590398E+00  0.40239575E+01
  0.45161290E+00  0.45161290E+00  0.13393124E+00  0.26626151E+01
  0.45161290E+00  0.48387097E+00  0.45441495E-01  0.90881848E+00
  0.45161290E+00  0.51612903E+00 -0.45441495E-01 -0.90881848E+00
  0.45161290E+00  0.54838710E+00 -0.13393124E+00 -0.26626151E+01
  0.45161290E+00  0.58064516E+00 -0.21590398E+00 -0.40239575E+01
  0.45161290E+00  0.61290323E+00 -0.28885170E+00 -0.41865645E+01
  0.45161290E+00  0.64516129E+00 -0.35183326E+00 -0.20469422E+01
  0.45161290E+00  0.67741935E+00 -0.40434632E+00  0.30384679E+01
  0.45161290E+00  0.70967742E+00 -0.44486805E+00  0.10386470E+02
  0.45161290E+00  0.74193548E+00 -0.47023685E+00  0.17889196E+02
  0.45161290E+00  0.77419355E+00 -0.47650769E+00  0.23069947E+02
  0.45161290E+00  0.80645161E+00 -0.46071177E+00  0.24509591E+02
  0.45161290E+00  0.83870968E+00 -0.42224265E+00  0.22445361E+02
  0.45161290E+00  0.87096774E+00 -0.36305096E+00  0.18219994E+02
  0.45161290E+00  0.90322581E+00 -0.28684141E+00  0.13273892E+02
  0.45161290E+00  0.93548387E+00 -0.19802551E+00  0.84870576E+01
  0.45161290E+00  0.96774194E+00 -0.10101788E+00  0.41072633E+01
  0.45161290E+00  0.10000000E+01  0.00000000E+00  0.00000000E+00
  0.48387097E+00  0.00000000E+00  0.00000000E+00  0.00000000E+00
  0.48387097E+00  0.32258065E-01  0.94652163E-01 -0.35718922E+01
  0.48387097E+00  0.64516129E-01  0.18574070E+00 -0.73410101E+01
  0.48387097E+00  0.96774194E-01  0.26960822E+00 -0.11475797E+02
  0.48387097E+00  0.12903226E+00  0.34243440E+00 -0.15962763E+02
  0.48387097E+00  0.16129032E+00  0.40031216E+00 -0.20355161E+02
  0.48387097E+00  0.19354839E+00  0.43965006E+00 -0.23655584E+02
  0.48387097E+00  0.22580645E+00  0.45794032E+00 -0.24615287E+02
  0.48387097E+00  0.25806452E+00  0.45458428E+00 -0.22451888E+02
  0.48387097E+00  0.29032258E+00  0.43119755E+00 -0.17517435E+02
  0.48387097E+00  0.32258065E+00  0.39101006E+00 -0.11293170E+02
  0.48387097E+00  0.35483871E+00  0.33763553E+00 -0.55987232E+01
  0.48387097E+00  0.38709677E+00  0.27403045E+00 -0.16474676E+01
  0.48387097E+00  0.41935484E+00  0.20229070E+00  0.32434953E+00
  0.48387097E+00  0.45161290E+00  0.12420011E+00  0.76972687E+00
  0.48387097E+00  0.48387097E+00  0.41897722E-01  0.34699807E+00
  0.48387097E+00  0.51612903E+00 -0.41897722E-01 -0.34699807E+00
  0.48387097E+00  0.54838710E+00 -0.12420011E+00 -0.76972687E+00
  0.48387097E+00  0.58064516E+00 -0.20229070E+00 -0.32434953E+00
  0.48387097E+00  0.61290323E+00 -0.27403045E+00  0.16474676E+01
  0.48387097E+00  0.64516129E+00 -0.33763553E+00  0.55987232E+01
  0.48387097E+00  0.67741935E+00 -0.39101006E+00  0.11293170E+02
  0.48387097E+00  0.70967742E+00 -0.43119755E+00  0.17517435E+02
  0.48387097E+00  0.74193548E+00 -0.45458428E+00  0.22451888E+02
  0.48387097E+00  0.77419355E+00 -0.45794032E+00  0.24615287E+02
  0.48387097E+00  0.80645161E+00 -0.43965006E+00  0.23655584E+02
  0.48387097E+00  0.83870968E+00 -0.40031216E+00  0.20355161E+02
  0.48387097E+00  0.87096774E+00 -0.34243440E+00  0.15962763E+02
  0.48387097E+00  0.90322581E+00 -0.26960822E+00  0.11475797E+02
  0.48387097E+00  0.93548387E+00 -0.18574070E+00  0.73410101E+01
  0.48387097E+00  0.96774194E+00 -0.94652163E-01  0.35718922E+01
  0.48387097E+00  0.10000000E+01  0.00000000E+00  0.00000000E+00
  0.51612903E+00  0.00000000E+00  0.00000000E+00  0.00000000E+00
  0.51612903E+00  0.32258065E-01  0.88133224E-01 -0.31475609E+01
  0.51612903E+00  0.64516129E-01  0.17303797E+00 -0.63897110E+01
  0.51612903E+00  0.96774194E-01  0.25147484E+00 -0.98607405E+01
  0.51612903E+00  0.12903226E+00  0.32015568E+00 -0.13661999E+02
  0.51612903E+00  0.16129032E+00  0.37574032E+00 -0.17658628E+02
  0.51612903E+00  0.19354839E+00  0.41502037E+00 -0.21285321E+02
  0.51612903E+00  0.22580645E+00  0.43540501E+00 -0.23599789E+02
  0.51612903E+00  0.25806452E+00  0.43559935E+00 -0.23701552E+02
  0.51612903E+00  0.29032258E+00  0.41609945E+00 -0.21305227E+02
  0.51612903E+00  0.32258065E+00  0.37910938E+00 -0.17017925E+02
  0.51612903E+00  0.35483871E+00  0.32784243E+00 -0.12046905E+02
  0.51612903E+00  0.38709677E+00  0.26562953E+00 -0.75589124E+01
  0.51612903E+00  0.41935484E+00  0.19536579E+00 -0.41910672E+01
  0.51612903E+00  0.45161290E+00  0.11948175E+00 -0.19790037E+01
  0.51612903E+00  0.48387097E+00  0.40208082E-01 -0.56662151E+00
  0.51612903E+00  0.51612903E+00 -0.40208082E-01  0.56662151E+00
  0.51612903E+00  0.54838710E+00 -0.11948175E+00  0.19790037E+01
  0.51612903E+00  0.58064516E+00 -0.19536579E+00  0.41910672E+01
  0.51612903E+00  0.61290323E+00 -0.26562953E+00  0.75589124E+01
  0.51612903E+00  0.64516129E+00 -0.32784243E+00  0.12046905E+02
  0.51612903E+00  0.67741935E+00 -0.37910938E+00  0.17017925E+02
  0.51612903E+00  0.70967742E+00 -0.41609945E+00  0.21305227E+02
  0.51612903E+00  0.74193548E+00 -0.43559935E+00  0.23701552E+02
  0.51612903E+00  0.77419355E+00 -0.43540501E+00  0.23599789E+02
  0.51612903E+00  0.80645161E+00 -0.41502037E+00  0.21285321E+02
  0.51612903E+00  0.83870968E+00 -0.37574032E+00  0.17658628E+02
  0.51612903E+00  0.87096774E+00 -0.32015568E+00  0.13661999E+02
  0.51612903E+00  0.90322581E+00 -0.25147484E+00  0.98607405E+01
  0.51612903E+00  0.93548387E+00 -0.17303797E+00  0.63897110E+01
  0.51612903E+00  0.96774194E+00 -0.88133224E-01  0.31475609E+01
  0.51612903E+00  0.10000000E+01  0.00000000E+00  0.00000000E+00
  0.54838710E+00  0.00000000E+00  0.00000000E+00  0.00000000E+00
  0.54838710E+00  0.32258065E-01  0.81567464E-01 -0.28317287E+01
  0.54838710E+00  0.64516129E-01  0.16015410E+00 -0.56587980E+01
  0.54838710E+00  0.96774194E-01  0.23283657E+00 -0.85473389E+01
  0.54838710E+00  0.12903226E+00  0.29675672E+00 -0.11620140E+02
  0.54838710E+00  0.16129032E+00  0.34909782E+00 -0.14920005E+02
  0.54838710E+00  0.19354839E+00  0.38713695E+00 -0.18216294E+02
  0.54838710E+00  0.22580645E+00  0.40850249E+00 -0.20923868E+02
  0.54838710E+00  0.25806452E+00  0.41164523E+00 -0.22283496E+02
  0.54838710E+00  0.29032258E+00  0.39632169E+00 -0.21756678E+02
  0.54838710E+00  0.32258065E+00  0.36377701E+00 -0.19364318E+02
  0.54838710E+00  0.35483871E+00  0.31645947E+00 -0.15695148E+02
  0.54838710E+00  0.38709677E+00  0.25741378E+00 -0.11577740E+02
  0.54838710E+00  0.41935484E+00  0.18970001E+00 -0.76806156E+01
  0.54838710E+00  0.45161290E+00  0.11609371E+00 -0.42994427E+01
  0.54838710E+00  0.48387097E+00  0.39071321E-01 -0.13745401E+01
  0.54838710E+00  0.51612903E+00 -0.39071321E-01  0.13745401E+01
  0.54838710E+00  0.54838710E+00 -0.11609371E+00  0.42994427E+01
  0.54838710E+00  0.58064516E+00 -0.18970001E+00  0.76806156E+01
  0.54838710E+00  0.61290323E+00 -0.25741378E+00  0.11577740E+02
  0.54838710E+00  0.64516129E+00 -0.31645947E+00  0.15695148E+02
  0.54838710E+00  0.67741935E+00 -0.36377701E+00  0.19364318E+02
  0.54838710E+00  0.70967742E+00 -0.39632169E+00  0.21756678E+02
  0.54838710E+00  0.74193548E+00 -0.41164523E+00  0.22283496E+02
  0.54838710E+00  0.77419355E+00 -0.40850249E+00  0.20923868E+02
  0.54838710E+00  0.80645161E+00 -0.38713695E+00  0.18216294E+02
  0.54838710E+00  0.83870968E+00 -0.34909782E+00  0.14920005E+02
  0.54838710E+00  0.87096774E+00 -0.29675672E+00  0.11620140E+02
  0.54838710E+00  0.90322581E+00 -0.23283657E+00  0.85473389E+01
  0.54838710E+00  0.93548387E+00 -0.16015410E+00  0.56587980E+01
  0.54838710E+00  0.96774194E+00 -0.81567464E-01  0.28317287E+01
  0.54838710E+00  0.10000000E+01  0.00000000E+00  0.00000000E+00
  0.58064516E+00  0.00000000E+00  0.00000000E+00  0.00000000E+00
  0.58064516E+00  0.32258065E-01  0.75035880E-01 -0.26020401E+01
  0.58064516E+00  0.64516129E-01  0.14728596E+00 -0.51236468E+01
  0.58064516E+00  0.96774194E-01  0.21406640E+00 -0.75582986E+01
  0.58064516E+00  0.12903226E+00  0.27284510E+00 -0.99932475E+01
  0.58064516E+00  0.16129032E+00  0.32123178E+00 -0.12536056E+02
  0.58064516E+00  0.19354839E+00  0.35697156E+00 -0.15163881E+02
  0.58064516E+00  0.22580645E+00  0.37804973E+00 -0.17595450E+02
  0.58064516E+00  0.25806452E+00  0.38296957E+00 -0.19316850E+02
  0.58064516E+00  0.29032258E+00  0.37112543E+00 -0.19798737E+02
  0.58064516E+00  0.32258065E+00  0.34306731E+00 -0.18776522E+02
  0.58064516E+00  0.35483871E+00  0.30047258E+00 -0.16388584E+02
  0.58064516E+00  0.38709677E+00  0.24581850E+00 -0.13076755E+02
  0.58064516E+00  0.41935484E+00  0.18193445E+00 -0.93446791E+01
  0.58064516E+00  0.45161290E+00  0.11164783E+00 -0.55506524E+01
  0.58064516E+00  0.48387097E+00  0.37624492E-01 -0.18346155E+01
  0.58064516E+00  0.51612903E+00 -0.37624492E-01  0.18346155E+01
  0.58064516E+00  0.54838710E+00 -0.11164783E+00  0.55506524E+01
  0.58064516E+00  0.58064516E+00 -0.18193445E+00  0.93446791E+01
  0.58064516E+00  0.61290323E+00 -0.24581850E+00  0.13076755E+02
  0.58064516E+00  0.64516129E+00 -0.30047258E+00  0.16388584E+02
  0.58064516E+00  0.67741935E+00 -0.34306731E+00  0.18776522E+02
  0.58064516E+00  0.70967742E+00 -0.37112543E+00  0.19798737E+02
  0.58064516E+00  0.74193548E+00 -0.38296957E+00  0.19316850E+02
  0.58064516E+00  0.77419355E+00 -0.37804973E+00  0.17595450E+02
  0.58064516E+00  0.80645161E+00 -0.35697156E+00  0.15163881E+02
  0.58064516E+00  0.83870968E+00 -0.32123178E+00  0.12536056E+02
  0.58064516E+00  0.87096774E+00 -0.27284510E+00  0.99932475E+01
  0.58064516E+00  0.90322581E+00 -0.21406640E+00  0.75582986E+01
  0.58064516E+00  0.93548387E+00 -0.14728596E+00  0.51236468E+01
  0.58064516E+00  0.96774194E+00 -0.75035880E-01  0.26020401E+01
  0.58064516E+00  0.10000000E+01  0.00000000E+00  0.00000000E+00
  0.61290323E+00  0.00000000E+00  0.00000000E+00  0.00000000E+00
  0.61290323E+00  0.32258065E-01  0.68582456E-01 -0.24254844E+01
  0.61290323E+00  0.64516129E-01  0.13455589E+00 -0.47266088E+01
  0.61290323E+00  0.96774194E-01  0.19543293E+00 -0.68394725E+01
  0.61290323E+00  0.12903226E+00  0.24892668E+00 -0.87936738E+01
  0.61290323E+00  0.16129032E+00  0.29296786E+00 -0.10686558E+02
  0.61290323E+00  0.19354839E+00  0.32568849E+00 -0.12588030E+02
  0.61290323E+00  0.22580645E+00  0.34544580E+00 -0.14421290E+02
  0.61290323E+00  0.25806452E+00  0.35095712E+00 -0.15911883E+02
  0.61290323E+00  0.29032258E+00  0.34154094E+00 -0.16670661E+02
  0.61290323E+00  0.32258065E+00  0.31735570E+00 -0.16374589E+02
  0.61290323E+00  0.35483871E+00  0.27949137E+00 -0.14922445E+02
  0.61290323E+00  0.38709677E+00  0.22984575E+00 -0.12460963E+02
  0.61290323E+00  0.41935484E+00  0.17084755E+00 -0.92838856E+01
  0.61290323E+00  0.45161290E+00  0.10516275E+00 -0.56938476E+01
  0.61290323E+00  0.48387097E+00  0.35494241E-01 -0.19149800E+01
  0.61290323E+00  0.51612903E+00 -0.35494241E-01  0.19149800E+01
  0.61290323E+00  0.54838710E+00 -0.10516275E+00  0.56938476E+01
  0.61290323E+00  0.58064516E+00 -0.17084755E+00  0.92838856E+01
  0.61290323E+00  0.61290323E+00 -0.22984575E+00  0.12460963E+02
  0.61290323E+00  0.64516129E+00 -0.27949137E+00  0.14922445E+02
  0.61290323E+00  0.67741935E+00 -0.31735570E+00  0.16374589E+02
  0.61290323E+00  0.70967742E+00 -0.34154094E+00  0.16670661E+02
  0.61290323E+00  0.74193548E+00 -0.35095712E+00  0.15911883E+02
  0.61290323E+00  0.77419355E+00 -0.34544580E+00  0.14421290E+02
  0.61290323E+00  0.80645161E+00 -0.32568849E+00  0.12588030E+02
  0.61290323E+00  0.83870968E+00 -0.29296786E+00  0.10686558E+02
  0.61290323E+00  0.87096774E+00 -0.24892668E+00  0.87936738E+01
  0.61290323E+00  0.90322581E+00 -0.19543293E+00  0.68394725E+01
  0.61290323E+00  0.93548387E+00 -0.13455589E+00  0.47266088E+01
  0.61290323E+00  0.96774194E+00 -0.68582456E-01  0.24254844E+01
  0.61290323E+00  0.10000000E+01  0.00000000E+00  0.00000000E+00
  0.64516129E+00  0.00000000E+00  0.00000000E+00  0.00000000E+00
  0.64516129E+00  0.32258065E-01  0.62214138E-01 -0.22680103E+01
  0.64516129E+00  0.64516129E-01  0.12200377E+00 -0.43982139E+01
  0.64516129E+00  0.96774194E-01  0.17706573E+00 -0.62933813E+01
  0.64516129E+00  0.12903226E+00  0.22531029E+00 -0.79290116E+01
  0.64516129E+00  0.16129032E+00  0.26490422E+00 -0.93566006E+01
  0.64516129E+00  0.19354839E+00  0.29426988E+00 -0.10657731E+02
  0.64516129E+00  0.22580645E+00  0.31208131E+00 -0.11859281E+02
  0.64516129E+00  0.25806452E+00  0.31731452E+00 -0.12862472E+02
  0.64516129E+00  0.29032258E+00  0.30937830E+00 -0.13446256E+02
  0.64516129E+00  0.32258065E+00  0.28828406E+00 -0.13356305E+02
  0.64516129E+00  0.35483871E+00  0.25476342E+00 -0.12423183E+02
  0.64516129E+00  0.38709677E+00  0.21025892E+00 -0.10632201E+02
  0.64516129E+00  0.41935484E+00  0.15678659E+00 -0.81116206E+01
  0.64516129E+00  0.45161290E+00  0.96736449E-01 -0.50679656E+01
  0.64516129E+00  0.48387097E+00  0.32691272E-01 -0.17218293E+01
  0.64516129E+00  0.51612903E+00 -0.32691272E-01  0.17218293E+01
  0.64516129E+00  0.54838710E+00 -0.96736449E-01  0.50679656E+01
  0.64516129E+00  0.58064516E+00 -0.15678659E+00  0.81116206E+01
  0.64516129E+00  0.61290323E+00 -0.21025892E+00  0.10632201E+02
  0.64516129E+00  0.64516129E+00 -0.25476342E+00  0.12423183E+02
  0.64516129E+00  0.67741935E+00 -0.28828406E+00  0.13356305E+02
  0.64516129E+00  0.70967742E+00 -0.30937830E+00  0.13446256E+02
  0.64516129E+00  0.74193548E+00 -0.31731452E+00  0.12862472E+02
  0.64516129E+00  0.77419355E+00 -0.31208131E+00  0.11859281E+02
  0.64516129E+00  0.80645161E+00 -0.29426988E+00  0.10657731E+02
  0.64516129E+00  0.83870968E+00 -0.26490422E+00  0.93566006E+01
  0.64516129E+00  0.87096774E+00 -0.22531029E+00  0.79290116E+01
  0.64516129E+00  0.90322581E+00 -0.17706573E+00  0.62933813E+01
  0.64516129E+00  0.93548387E+00 -0.12200377E+00  0.43982139E+01
  0.64516129E+00  0.96774194E+00 -0.62214138E-01  0.22680103E+01
  0.64516129E+00  0.10000000E+01  0.00000000E+00  0.00000000E+00
  0.67741935E+00  0.00000000E+00  0.00000000E+00  0.00000000E+00
  0.67741935E+00  0.32258065E-01  0.55910271E-01 -0.21020170E+01
  0.67741935E+00  0.64516129E-01  0.10960263E+00 -0.40758327E+01
  0.67741935E+00  0.96774194E-01  0.15896713E+00 -0.58146127E+01
  0.67741935E+00  0.12903226E+00  0.20209376E+00 -0.72570563E+01
  0.67741935E+00  0.16129032E+00  0.23733253E+00 -0.84036986E+01
  0.67741935E+00  0.19354839E+00  0.26331523E+00 -0.93054496E+01
  0.67741935E+00  0.22580645E+00  0.27895448E+00 -0.10016954E+02
  0.67741935E+00  0.25806452E+00  0.28345690E+00 -0.10537330E+02
  0.67741935E+00  0.29032258E+00  0.27638173E+00 -0.10780332E+02
  0.67741935E+00  0.32258065E+00  0.25774049E+00 -0.10600474E+02
  0.67741935E+00  0.35483871E+00  0.22809196E+00 -0.98604968E+01
  0.67741935E+00  0.38709677E+00  0.18857622E+00 -0.84962851E+01
  0.67741935E+00  0.41935484E+00  0.14086264E+00 -0.65435200E+01
  0.67741935E+00  0.45161290E+00  0.87031547E-01 -0.41231379E+01
  0.67741935E+00  0.48387097E+00  0.29433965E-01 -0.14077555E+01
  0.67741935E+00  0.51612903E+00 -0.29433965E-01  0.14077555E+01
  0.67741935E+00  0.54838710E+00 -0.87031547E-01  0.41231379E+01
  0.67741935E+00  0.58064516E+00 -0.14086264E+00  0.65435200E+01
  0.67741935E+00  0.61290323E+00 -0.18857622E+00  0.84962851E+01
  0.67741935E+00  0.64516129E+00 -0.22809196E+00  0.98604968E+01
  0.67741935E+00  0.67741935E+00 -0.25774049E+00  0.10600474E+02
  0.67741935E+00  0.70967742E+00 -0.27638173E+00  0.10780332E+02
  0.67741935E+00  0.74193548E+00 -0.28345690E+00  0.10537330E+02
  0.67741935E+00  0.77419355E+00 -0.27895448E+00  0.10016954E+02
  0.67741935E+00  0.80645161E+00 -0.26331523E+00  0.93054496E+01
  0.67741935E+00  0.83870968E+00 -0.23733253E+00  0.84036986E+01
  0.67741935E+00  0.87096774E+00 -0.20209376E+00  0.72570563E+01
  0.67741935E+00  0.90322581E+00 -0.15896713E+00  0.58146127E+01
  0.67741935E+00  0.93548387E+00 -0.10960263E+00  0.40758327E+01
  0.67741935E+00  0.96774194E+00 -0.55910271E-01  0.21020170E+01
  0.67741935E+00  0.10000000E+01  0.00000000E+00  0.00000000E+00
  0.70967742E+00  0.00000000E+00  0.00000000E+00  0.00000000E+00
  0.70967742E+00  0.32258065E-01  0.49636988E-01 -0.19102524E+01
  0.70967742E+00  0.64516129E-01  0.97288119E-01 -0.37154002E+01
  0.70967742E+00  0.96774194E-01  0.14105583E+00 -0.53168789E+01
  0.70967742E+00  0.12903226E+00  0.17921349E+00 -0.66371094E+01
  0.70967742E+00  0.16129032E+00  0.21027219E+00 -0.76381226E+01
  0.70967742E+00  0.19354839E+00  0.23302093E+00 -0.83291017E+01
  0.70967742E+00  0.22580645E+00  0.24654100E+00 -0.87496380E+01
  0.70967742E+00  0.25806452E+00  0.25021191E+00 -0.89330762E+01
  0.70967742E+00  0.29032258E+00  0.24373339E+00 -0.88730520E+01
  0.70967742E+00  0.32258065E+00  0.22717355E+00 -0.85175806E+01
  0.70967742E+00  0.35483871E+00  0.20102705E+00 -0.77956613E+01
  0.70967742E+00  0.38709677E+00  0.16625028E+00 -0.66584808E+01
  0.70967742E+00  0.41935484E+00  0.12424714E+00 -0.51106225E+01
  0.70967742E+00  0.45161290E+00  0.76802665E-01 -0.32184749E+01
  0.70967742E+00  0.48387097E+00  0.25982119E-01 -0.10991846E+01
  0.70967742E+00  0.51612903E+00 -0.25982119E-01  0.10991846E+01
  0.70967742E+00  0.54838710E+00 -0.76802665E-01  0.32184749E+01
  0.70967742E+00  0.58064516E+00 -0.12424714E+00  0.51106225E+01
  0.70967742E+00  0.61290323E+00 -0.16625028E+00  0.66584808E+01
  0.70967742E+00  0.64516129E+00 -0.20102705E+00  0.77956613E+01
  0.70967742E+00  0.67741935E+00 -0.22717355E+00  0.85175806E+01
  0.70967742E+00  0.70967742E+00 -0.24373339E+00  0.88730520E+01
  0.70967742E+00  0.74193548E+00 -0.25021191E+00  0.89330762E+01
  0.70967742E+00  0.77419355E+00 -0.24654100E+00  0.87496380E+01
  0.70967742E+00  0.80645161E+00 -0.23302093E+00  0.83291017E+01
  0.70967742E+00  0.83870968E+00 -0.21027219E+00  0.76381226E+01
  0.70967742E+00  0.87096774E+00 -0.17921349E+00  0.66371094E+01
  0.70967742E+00  0.90322581E+00 -0.14105583E+00  0.53168789E+01
  0.70967742E+00  0.93548387E+00 -0.97288119E-01  0.37154002E+01
  0.70967742E+00  0.96774194E+00 -0.49636988E-01  0.19102524E+01
  0.70967742E+00  0.10000000E+01  0.00000000E+00  0.00000000E+00
  0.74193548E+00  0.00000000E+00  0.00000000E+00  0.00000000E+00
  0.74193548E+00  0.32258065E-01  0.43361788E-01 -0.16858776E+01
  0.74193548E+00  0.64516129E-01  0.84990846E-01 -0.32946094E+01
  0.74193548E+00  0.96774194E-01  0.12322191E+00 -0.47461325E+01
  0.74193548E+00  0.12903226E+00  0.15652573E+00 -0.59635804E+01
  0.74193548E+00  0.16129032E+00  0.18357371E+00 -0.68887071E+01
  0.74193548E+00  0.19354839E+00  0.20328820E+00 -0.74966344E+01
  0.74193548E+00  0.22580645E+00  0.21487195E+00 -0.77973294E+01
  0.74193548E+00  0.25806452E+00  0.21782074E+00 -0.78197721E+01
  0.74193548E+00  0.29032258E+00  0.21193324E+00 -0.75882042E+01
  0.74193548E+00  0.32258065E+00  0.19733002E+00 -0.71065976E+01
  0.74193548E+00  0.35483871E+00  0.17448039E+00 -0.63614293E+01
  0.74193548E+00  0.38709677E+00  0.14422201E+00 -0.53395732E+01
  0.74193548E+00  0.41935484E+00  0.10775494E+00 -0.40490545E+01
  0.74193548E+00  0.45161290E+00  0.66600763E-01 -0.25314005E+01
  0.74193548E+00  0.48387097E+00  0.22530174E-01 -0.86163256E+00
  0.74193548E+00  0.51612903E+00 -0.22530174E-01  0.86163256E+00
  0.74193548E+00  0.54838710E+00 -0.66600763E-01  0.25314005E+01
  0.74193548E+00  0.58064516E+00 -0.10775494E+00  0.40490545E+01
  0.74193548E+00  0.61290323E+00 -0.14422201E+00  0.53395732E+01
  0.74193548E+00  0.64516129E+00 -0.17448039E+00  0.63614293E+01
  0.74193548E+00  0.67741935E+00 -0.19733002E+00  0.71065976E+01
  0.74193548E+00  0.70967742E+00 -0.21193324E+00  0.75882042E+01
  0.74193548E+00  0.74193548E+00 -0.21782074E+00  0.78197721E+01
  0.74193548E+00  0.77419355E+00 -0.21487195E+00  0.77973294E+01
  0.74193548E+00  0.80645161E+00 -0.20328820E+00  0.74966344E+01
  0.74193548E+00  0.83870968E+00 -0.18357371E+00  0.68887071E+01
  0.74193548E+00  0.87096774E+00 -0.15652573E+00  0.59635804E+01
  0.74193548E+00  0.90322581E+00 -0.12322191E+00  0.47461325E+01
  0.74193548E+00  0.93548387E+00 -0.84990846E-01  0.32946094E+01
  0.74193548E+00  0.96774194E+00 -0.43361788E-01  0.16858776E+01
  0.74193548E+00  0.10000000E+01  0.00000000E+00  0.00000000E+00
  0.77419355E+00  0.00000000E+00  0.00000000E+00  0.00000000E+00
  0.77419355E+00  0.32258065E-01  0.37065022E-01 -0.14293523E+01
  0.77419355E+00  0.64516129E-01  0.72663256E-01 -0.28083785E+01
  0.77419355E+00  0.96774194E-01  0.10537648E+00 -0.40790806E+01
  0.77419355E+00  0.12903226E+00  0.13388823E+00 -0.51761412E+01
  0.77419355E+00  0.16129032E+00  0.15704043E+00 -0.60373607E+01
  0.77419355E+00  0.19354839E+00  0.17388534E+00 -0.66184894E+01
  0.77419355E+00  0.22580645E+00  0.18372410E+00 -0.69029125E+01
  0.77419355E+00  0.25806452E+00  0.18612875E+00 -0.68998196E+01
  0.77419355E+00  0.29032258E+00  0.18095266E+00 -0.66324972E+01
  0.77419355E+00  0.32258065E+00  0.16833788E+00 -0.61250147E+01
  0.77419355E+00  0.35483871E+00  0.14872287E+00 -0.53957249E+01
  0.77419355E+00  0.38709677E+00  0.12284618E+00 -0.44602246E+01
  0.77419355E+00  0.41935484E+00  0.91736482E-01 -0.33399275E+01
  0.77419355E+00  0.45161290E+00  0.56681136E-01 -0.20698913E+01
  0.77419355E+00  0.48387097E+00  0.19171386E-01 -0.70142876E+00
  0.77419355E+00  0.51612903E+00 -0.19171386E-01  0.70142877E+00
  0.77419355E+00  0.54838710E+00 -0.56681136E-01  0.20698913E+01
  0.77419355E+00  0.58064516E+00 -0.91736482E-01  0.33399275E+01
  0.77419355E+00  0.61290323E+00 -0.12284618E+00  0.44602246E+01
  0.77419355E+00  0.64516129E+00 -0.14872287E+00  0.53957249E+01
  0.77419355E+00  0.67741935E+00 -0.16833788E+00  0.61250147E+01
  0.77419355E+00  0.70967742E+00 -0.18095266E+00  0.66324972E+01
  0.77419355E+00  0.74193548E+00 -0.18612875E+00  0.68998196E+01
  0.77419355E+00  0.77419355E+00 -0.18372410E+00  0.69029125E+01
  0.77419355E+00  0.80645161E+00 -0.17388534E+00  0.66184894E+01
  0.77419355E+00  0.83870968E+00 -0.15704043E+00  0.60373607E+01
  0.77419355E+00  0.87096774E+00 -0.13388823E+00  0.51761412E+01
  0.77419355E+00  0.90322581E+00 -0.10537648E+00  0.40790806E+01
  0.77419355E+00  0.93548387E+00 -0.72663256E-01  0.28083785E+01
  0.77419355E+00  0.96774194E+00 -0.37065022E-01  0.14293523E+01
  0.77419355E+00  0.10000000E+01  0.00000000E+00  0.00000000E+00
  0.80645161E+00  0.00000000E+00  0.00000000E+00  0.00000000E+00
  0.80645161E+00  0.32258065E-01  0.30747685E-01 -0.11430075E+01
  0.80645161E+00  0.64516129E-01  0.60298331E-01 -0.22584011E+01
  0.80645161E+00  0.96774194E-01  0.87487886E-01 -0.33095127E+01
  0.80645161E+00  0.12903226E+00  0.11122409E+00 -0.42477196E+01
  0.80645161E+00  0.16129032E+00  0.13053207E+00 -0.50181634E+01
  0.80645161E+00  0.19354839E+00  0.14460152E+00 -0.55713671E+01
  0.80645161E+00  0.22580645E+00  0.15282732E+00 -0.58745456E+01
  0.80645161E+00  0.25806452E+00  0.15483766E+00 -0.59168735E+01
  0.80645161E+00  0.29032258E+00  0.15050911E+00 -0.57070051E+01
  0.80645161E+00  0.32258065E+00  0.13997240E+00 -0.52658064E+01
  0.80645161E+00  0.35483871E+00  0.12361235E+00 -0.46193191E+01
  0.80645161E+00  0.38709677E+00  0.10206210E+00 -0.37954530E+01
  0.80645161E+00  0.41935484E+00  0.76188202E-01 -0.28246029E+01
  0.80645161E+00  0.45161290E+00  0.47062021E-01 -0.17419311E+01
  0.80645161E+00  0.48387097E+00  0.15915726E-01 -0.58870347E+00
  0.80645161E+00  0.51612903E+00 -0.15915726E-01  0.58870347E+00
  0.80645161E+00  0.54838710E+00 -0.47062021E-01  0.17419311E+01
  0.80645161E+00  0.58064516E+00 -0.76188202E-01  0.28246029E+01
  0.80645161E+00  0.61290323E+00 -0.10206210E+00  0.37954530E+01
  0.80645161E+00  0.64516129E+00 -0.12361235E+00  0.46193191E+01
  0.80645161E+00  0.67741935E+00 -0.13997240E+00  0.52658064E+01
  0.80645161E+00  0.70967742E+00 -0.15050911E+00  0.57070051E+01
  0.80645161E+00  0.74193548E+00 -0.15483766E+00  0.59168735E+01
  0.80645161E+00  0.77419355E+00 -0.15282732E+00  0.58745456E+01
  0.80645161E+00  0.80645161E+00 -0.14460152E+00  0.55713671E+01
  0.80645161E+00  0.83870968E+00 -0.13053207E+00  0.50181634E+01
  0.80645161E+00  0.87096774E+00 -0.11122409E+00  0.42477196E+01
  0.80645161E+00  0.90322581E+00 -0.87487886E-01  0.33095127E+01
  0.80645161E+00  0.93548387E+00 -0.60298331E-01  0.22584011E+01
  0.80645161E+00  0.96774194E+00 -0.30747685E-01  0.11430075E+01
  0.80645161E+00  0.10000000E+01  0.00000000E+00  0.00000000E+00
  0.83870968E+00  0.00000000E+00  0.00000000E+00  0.00000000E+00
  0.83870968E+00  0.32258065E-01  0.24437993E-01 -0.82345194E+00
  0.83870968E+00  0.64516129E-01  0.47944444E-01 -0.16375208E+01
  0.83870968E+00  0.96774194E-01  0.69608824E-01 -0.24244270E+01
  0.83870968E+00  0.12903226E+00  0.88568068E-01 -0.31537428E+01
  0.83870968E+00  0.16129032E+00  0.10404043E+00 -0.37844457E+01
  0.83870968E+00  0.19354839E+00  0.11536390E+00 -0.42723985E+01
  0.83870968E+00  0.22580645E+00  0.12203306E+00 -0.45798283E+01
  0.83870968E+00  0.25806452E+00  0.12372845E+00 -0.46827334E+01
  0.83870968E+00  0.29032258E+00  0.12033511E+00 -0.45737009E+01
  0.83870968E+00  0.32258065E+00  0.11195076E+00 -0.42602680E+01
  0.83870968E+00  0.35483871E+00  0.98885221E-01 -0.37609589E+01
  0.83870968E+00  0.38709677E+00  0.81652201E-01 -0.31014233E+01
  0.83870968E+00  0.41935484E+00  0.60952969E-01 -0.23119965E+01
  0.83870968E+00  0.45161290E+00  0.37650396E-01 -0.14266056E+01
  0.83870968E+00  0.48387097E+00  0.12732630E-01 -0.48218295E+00
  0.83870968E+00  0.51612903E+00 -0.12732630E-01  0.48218295E+00
  0.83870968E+00  0.54838710E+00 -0.37650396E-01  0.14266056E+01
  0.83870968E+00  0.58064516E+00 -0.60952969E-01  0.23119965E+01
  0.83870968E+00  0.61290323E+00 -0.81652201E-01  0.31014233E+01
  0.83870968E+00  0.64516129E+00 -0.98885221E-01  0.37609589E+01
  0.83870968E+00  0.67741935E+00 -0.11195076E+00  0.42602680E+01
  0.83870968E+00  0.70967742E+00 -0.12033511E+00  0.45737009E+01
  0.83870968E+00  0.74193548E+00 -0.12372845E+00  0.46827334E+01
  0.83870968E+00  0.77419355E+00 -0.12203306E+00  0.45798283E+01
  0.83870968E+00  0.80645161E+00 -0.11536390E+00  0.42723985E+01
  0.83870968E+00  0.83870968E+00 -0.10404043E+00  0.37844457E+01
  0.83870968E+00  0.87096774E+00 -0.88568068E-01  0.31537428E+01
  0.83870968E+00  0.90322581E+00 -0.69608824E-01  0.24244270E+01
  0.83870968E+00  0.93548387E+00 -0.47944444E-01  0.16375208E+01
  0.83870968E+00  0.96774194E+00 -0.24437993E-01  0.82345194E+00
  0.83870968E+00  0.10000000E+01  0.00000000E+00  0.00000000E+00
  0.87096774E+00  0.00000000E+00  0.00000000E+00  0.00000000E+00
  0.87096774E+00  0.32258065E-01  0.18202974E-01 -0.44989489E+00
  0.87096774E+00  0.64516129E-01  0.35728653E-01 -0.90567960E+00
  0.87096774E+00  0.96774194E-01  0.51912082E-01 -0.13665178E+01
  0.87096774E+00  0.12903226E+00  0.66117197E-01 -0.18204696E+01
  0.87096774E+00  0.16129032E+00  0.77759652E-01 -0.22440198E+01
  0.87096774E+00  0.19354839E+00  0.86334784E-01 -0.26056587E+01
  0.87096774E+00  0.22580645E+00  0.91446893E-01 -0.28721276E+01
  0.87096774E+00  0.25806452E+00  0.92835191E-01 -0.30150240E+01
  0.87096774E+00  0.29032258E+00  0.90392792E-01 -0.30156530E+01
  0.87096774E+00  0.32258065E+00  0.84177151E-01 -0.28671246E+01
  0.87096774E+00  0.35483871E+00  0.74411988E-01 -0.25739910E+01
  0.87096774E+00  0.38709677E+00  0.61481226E-01 -0.21504661E+01
  0.87096774E+00  0.41935484E+00  0.45915254E-01 -0.16182604E+01
  0.87096774E+00  0.45161290E+00  0.28369462E-01 -0.10046036E+01
  0.87096774E+00  0.48387097E+00  0.95952777E-02 -0.34055223E+00
  0.87096774E+00  0.51612903E+00 -0.95952777E-02  0.34055223E+00
  0.87096774E+00  0.54838710E+00 -0.28369462E-01  0.10046036E+01
  0.87096774E+00  0.58064516E+00 -0.45915254E-01  0.16182604E+01
  0.87096774E+00  0.61290323E+00 -0.61481226E-01  0.21504661E+01
  0.87096774E+00  0.64516129E+00 -0.74411988E-01  0.25739910E+01
  0.87096774E+00  0.67741935E+00 -0.84177151E-01  0.28671246E+01
  0.87096774E+00  0.70967742E+00 -0.90392792E-01  0.30156530E+01
  0.87096774E+00  0.74193548E+00 -0.92835191E-01  0.30150240E+01
  0.87096774E+00  0.77419355E+00 -0.91446893E-01  0.28721276E+01
  0.87096774E+00  0.80645161E+00 -0.86334784E-01  0.26056587E+01
  0.87096774E+00  0.83870968E+00 -0.77759652E-01  0.22440198E+01
  0.87096774E+00  0.87096774E+00 -0.66117197E-01  0.18204696E+01
  0.87096774E+00  0.90322581E+00 -0.51912082E-01  0.13665178E+01
  0.87096774E+00  0.93548387E+00 -0.35728653E-01  0.90567960E+00
  0.87096774E+00  0.96774194E+00 -0.18202974E-01  0.44989489E+00
  0.87096774E+00  0.10000000E+01  0.00000000E+00  0.00000000E+00
  0.90322581E+00  0.00000000E+00  0.00000000E+00  0.00000000E+00
  0.90322581E+00  0.32258065E-01  0.12177096E-01  0.38207575E-01
  0.90322581E+00  0.64516129E-01  0.23912676E-01  0.55110588E-01
  0.90322581E+00  0.96774194E-01  0.34771679E-01  0.34130020E-01
  0.90322581E+00  0.12903226E+00  0.44334636E-01 -0.32784591E-01
  0.90322581E+00  0.16129032E+00  0.52211112E-01 -0.14314970E+00
  0.90322581E+00  0.19354839E+00  0.58057290E-01 -0.28431639E+00
  0.90322581E+00  0.22580645E+00  0.61595847E-01 -0.43615008E+00
  0.90322581E+00  0.25806452E+00  0.62635251E-01 -0.57522112E+00
  0.90322581E+00  0.29032258E+00  0.61085682E-01 -0.67928732E+00
  0.90322581E+00  0.32258065E+00  0.56969585E-01 -0.73096683E+00
  0.90322581E+00  0.35483871E+00  0.50425902E-01 -0.72001066E+00
  0.90322581E+00  0.38709677E+00  0.41707723E-01 -0.64413721E+00
  0.90322581E+00  0.41935484E+00  0.31173424E-01 -0.50872480E+00
  0.90322581E+00  0.45161290E+00  0.19271547E-01 -0.32572714E+00
  0.90322581E+00  0.48387097E+00  0.65199240E-02 -0.11209692E+00
  0.90322581E+00  0.51612903E+00 -0.65199240E-02  0.11209692E+00
  0.90322581E+00  0.54838710E+00 -0.19271547E-01  0.32572714E+00
  0.90322581E+00  0.58064516E+00 -0.31173424E-01  0.50872480E+00
  0.90322581E+00  0.61290323E+00 -0.41707723E-01  0.64413721E+00
  0.90322581E+00  0.64516129E+00 -0.50425902E-01  0.72001066E+00
  0.90322581E+00  0.67741935E+00 -0.56969585E-01  0.73096683E+00
  0.90322581E+00  0.70967742E+00 -0.61085682E-01  0.67928732E+00
  0.90322581E+00  0.74193548E+00 -0.62635251E-01  0.57522112E+00
  0.90322581E+00  0.77419355E+00 -0.61595847E-01  0.43615008E+00
  0.90322581E+00  0.80645161E+00 -0.58057290E-01  0.28431640E+00
  0.90322581E+00  0.83870968E+00 -0.52211112E-01  0.14314970E+00
  0.90322581E+00  0.87096774E+00 -0.44334636E-01  0.32784591E-01
  0.90322581E+00  0.90322581E+00 -0.34771679E-01 -0.34130020E-01
  0.90322581E+00  0.93548387E+00 -0.23912676E-01 -0.55110588E-01
  0.90322581E+00  0.96774194E+00 -0.12177096E-01 -0.38207575E-01
  0.90322581E+00  0.10000000E+01  0.00000000E+00  0.00000000E+00
  0.93548387E+00  0.00000000E+00  0.00000000E+00  0.00000000E+00
  0.93548387E+00  0.32258065E-01  0.66324907E-02  0.79184391E+00
  0.93548387E+00  0.64516129E-01  0.13030624E-01  0.15412112E+01
  0.93548387E+00  0.96774194E-01  0.18962837E-01  0.22084622E+01
  0.93548387E+00  0.12903226E+00  0.24204442E-01  0.27596856E+01
  0.93548387E+00  0.16129032E+00  0.28543909E-01  0.31694086E+01
  0.93548387E+00  0.19354839E+00  0.31791563E-01  0.34225921E+01
  0.93548387E+00  0.22580645E+00  0.33790104E-01  0.35153465E+01
  0.93548387E+00  0.25806452E+00  0.34425721E-01  0.34541267E+01
  0.93548387E+00  0.29032258E+00  0.33638245E-01  0.32536219E+01
  0.93548387E+00  0.32258065E+00  0.31428972E-01  0.29339033E+01
  0.93548387E+00  0.35483871E+00  0.27865084E-01  0.25174841E+01
  0.93548387E+00  0.38709677E+00  0.23080062E-01  0.20268243E+01
  0.93548387E+00  0.41935484E+00  0.17269803E-01  0.14826024E+01
  0.93548387E+00  0.45161290E+00  0.10684430E-01  0.90287802E+00
  0.93548387E+00  0.48387097E+00  0.36161495E-02  0.30311093E+00
  0.93548387E+00  0.51612903E+00 -0.36161495E-02 -0.30311093E+00
  0.93548387E+00  0.54838710E+00 -0.10684430E-01 -0.90287802E+00
  0.93548387E+00  0.58064516E+00 -0.17269803E-01 -0.14826024E+01
  0.93548387E+00  0.61290323E+00 -0.23080062E-01 -0.20268243E+01
  0.93548387E+00  0.64516129E+00 -0.27865084E-01 -0.25174841E+01
  0.93548387E+00  0.67741935E+00 -0.31428972E-01 -0.29339033E+01
  0.93548387E+00  0.70967742E+00 -0.33638245E-01 -0.32536219E+01
  0.93548387E+00  0.74193548E+00 -0.34425721E-01 -0.34541267E+01
  0.93548387E+00  0.77419355E+00 -0.33790104E-01 -0.35153465E+01
  0.93548387E+00  0.80645161E+00 -0.31791563E-01 -0.34225921E+01
  0.93548387E+00  0.83870968E+00 -0.28543909E-01 -0.31694086E+01
  0.93548387E+00  0.87096774E+00 -0.24204442E-01 -0.27596856E+01
  0.93548387E+00  0.90322581E+00 -0.18962837E-01 -0.22084622E+01
  0.93548387E+00  0.93548387E+00 -0.13030624E-01 -0.15412112E+01
  0.93548387E+00  0.96774194E+00 -0.66324907E-02 -0.79184391E+00
  0.93548387E+00  0.10000000E+01  0.00000000E+00  0.00000000E+00
  0.96774194E+00  0.00000000E+00  0.00000000E+00  0.00000000E+00
  0.96774194E+00  0.32258065E-01  0.21462221E-02  0.21774853E+01
  0.96774194E+00  0.64516129E-01  0.42182512E-02  0.42731180E+01
  0.96774194E+00  0.96774194E-01  0.61426910E-02  0.62065143E+01
  0.96774194E+00  0.12903226E+00  0.78480671E-02  0.79007819E+01
  0.96774194E+00  0.16129032E+00  0.92665524E-02  0.92853779E+01
  0.96774194E+00  0.19354839E+00  0.10336437E-01  0.10299673E+02
  0.96774194E+00  0.22580645E+00  0.11005295E-01  0.10896728E+02
  0.96774194E+00  0.25806452E+00  0.11233586E-01  0.11046639E+02
  0.96774194E+00  0.29032258E+00  0.10998269E-01  0.10738886E+02
  0.96774194E+00  0.32258065E+00  0.10295945E-01  0.99833569E+01
  0.96774194E+00  0.35483871E+00  0.91450479E-02  0.88100182E+01
  0.96774194E+00  0.38709677E+00  0.75867157E-02  0.72673815E+01
  0.96774194E+00  0.41935484E+00  0.56840651E-02  0.54200404E+01
  0.96774194E+00  0.45161290E+00  0.35197422E-02  0.33455599E+01
  0.96774194E+00  0.48387097E+00  0.11918052E-02  0.11309681E+01
  0.96774194E+00  0.51612903E+00 -0.11918052E-02 -0.11309681E+01
  0.96774194E+00  0.54838710E+00 -0.35197422E-02 -0.33455599E+01
  0.96774194E+00  0.58064516E+00 -0.56840651E-02 -0.54200404E+01
  0.96774194E+00  0.61290323E+00 -0.75867157E-02 -0.72673815E+01
  0.96774194E+00  0.64516129E+00 -0.91450479E-02 -0.88100182E+01
  0.96774194E+00  0.67741935E+00 -0.10295945E-01 -0.99833569E+01
  0.96774194E+00  0.70967742E+00 -0.10998269E-01 -0.10738886E+02
  0.96774194E+00  0.74193548E+00 -0.11233586E-01 -0.11046639E+02
  0.96774194E+00  0.77419355E+00 -0.11005295E-01 -0.10896728E+02
  0.96774194E+00  0.80645161E+00 -0.10336437E-01 -0.10299673E+02
  0.96774194E+00  0.83870968E+00 -0.92665524E-02 -0.92853779E+01
  0.96774194E+00  0.87096774E+00 -0.78480671E-02 -0.79007819E+01
  0.96774194E+00  0.90322581E+00 -0.61426910E-02 -0.62065143E+01
  0.96774194E+00  0.93548387E+00 -0.42182512E-02 -0.42731180E+01
  0.96774194E+00  0.96774194E+00 -0.21462221E-02 -0.21774853E+01
  0.96774194E+00  0.10000000E+01  0.00000000E+00  0.00000000E+00
  0.10000000E+01  0.00000000E+00  0.00000000E+00  0.00000000E+00
  0.10000000E+01  0.32258065E-01  0.00000000E+00  0.50988156E+01
  0.10000000E+01  0.64516129E-01  0.00000000E+00  0.10024659E+02
  0.10000000E+01  0.96774194E-01  0.00000000E+00  0.14606121E+02
  0.10000000E+01  0.12903226E+00  0.00000000E+00  0.18675587E+02
  0.10000000E+01  0.16129032E+00  0.00000000E+00  0.22072782E+02
  0.10000000E+01  0.19354839E+00  0.00000000E+00  0.24650112E+02
  0.10000000E+01  0.22580645E+00  0.00000000E+00  0.26279902E+02
  0.10000000E+01  0.25806452E+00  0.00000000E+00  0.26863108E+02
  0.10000000E+01  0.29032258E+00  0.00000000E+00  0.26338567E+02
  0.10000000E+01  0.32258065E+00  0.00000000E+00  0.24691532E+02
  0.10000000E+01  0.35483871E+00  0.00000000E+00  0.21960164E+02
  0.10000000E+01  0.38709677E+00  0.00000000E+00  0.18238811E+02
  0.10000000E+01  0.41935484E+00  0.00000000E+00  0.13677139E+02
  0.10000000E+01  0.45161290E+00  0.00000000E+00  0.84746368E+01
  0.10000000E+01  0.48387097E+00  0.00000000E+00  0.28704903E+01
  0.10000000E+01  0.51612903E+00  0.00000000E+00 -0.28704903E+01
  0.10000000E+01  0.54838710E+00  0.00000000E+00 -0.84746368E+01
  0.10000000E+01  0.58064516E+00  0.00000000E+00 -0.13677139E+02
  0.10000000E+01  0.61290323E+00  0.00000000E+00 -0.18238811E+02
  0.10000000E+01  0.64516129E+00  0.00000000E+00 -0.21960164E+02
  0.10000000E+01  0.67741935E+00  0.00000000E+00 -0.24691532E+02
  0.10000000E+01  0.70967742E+00  0.00000000E+00 -0.26338567E+02
  0.10000000E+01  0.74193548E+00  0.00000000E+00 -0.26863108E+02
  0.10000000E+01  0.77419355E+00  0.00000000E+00 -0.26279902E+02
  0.10000000E+01  0.80645161E+00  0.00000000E+00 -0.24650112E+02
  0.10000000E+01  0.83870968E+00  0.00000000E+00 -0.22072782E+02
  0.10000000E+01  0.87096774E+00  0.00000000E+00 -0.18675587E+02
  0.10000000E+01  0.90322581E+00  0.00000000E+00 -0.14606121E+02
  0.10000000E+01  0.93548387E+00  0.00000000E+00 -0.10024659E+02
  0.10000000E+01  0.96774194E+00  0.00000000E+00 -0.50988156E+01
  0.10000000E+01  0.10000000E+01  0.00000000E+00  0.00000000E+00
