  32  32
  0.12115338E+06  0.12115338E+06
  0.00000000E+00  0.00000000E+00  0.16125478E-01  0.99999999E+00
  0.00000000E+00  0.32258065E-01  0.10000000E+01  0.10000000E+01
  0.00000000E+00  0.64516129E-01 -0.96100000E+03 -0.96100000E+03
  0.00000000E+00  0.96774194E-01 -0.96100000E+03 -0.96100000E+03
  0.00000000E+00  0.12903226E+00  0.30953017E+03 -0.57215450E+02
  0.00000000E+00  0.16129032E+00 -0.98539524E+02 -0.13106135E+03
  0.00000000E+00  0.19354839E+00  0.10000000E+01 -0.96100000E+03
  0.00000000E+00  0.22580645E+00 -0.48543847E+02 -0.96100000E+03
  0.00000000E+00  0.25806452E+00  0.24025000E+03  0.10347500E+04
  0.00000000E+00  0.29032258E+00 -0.20756382E+01 -0.96100000E+03
  0.00000000E+00  0.32258065E+00  0.24025000E+03  0.25882592E+03
  0.00000000E+00  0.35483871E+00  0.12822001E+05 -0.10924382E+03
  0.00000000E+00  0.38709677E+00  0.38440000E+04  0.10000000E+01
  0.00000000E+00  0.41935484E+00 -0.14608049E+05 -0.35303089E+02
  0.00000000E+00  0.45161290E+00 -0.66001195E+02  0.24025000E+03
  0.00000000E+00  0.48387097E+00 -0.96100000E+03  0.15840343E+05
  0.00000000E+00  0.51612903E+00 -0.28638930E+02  0.24025000E+03
  0.00000000E+00  0.54838710E+00 -0.96100000E+03  0.14849577E+05
  0.00000000E+00  0.58064516E+00 -0.96100000E+03  0.38440000E+04
  0.00000000E+00  0.61290323E+00 -0.51228111E+02 -0.13752833E+05
  0.00000000E+00  0.64516129E+00 -0.24622247E+03 -0.68823409E+02
  0.00000000E+00  0.67741935E+00 -0.96100000E+03 -0.96100000E+03
  0.00000000E+00  0.70967742E+00 -0.96100000E+03 -0.96100000E+03
  0.00000000E+00  0.74193548E+00 -0.96100000E+03 -0.96100000E+03
  0.00000000E+00  0.77419355E+00 -0.96100000E+03 -0.96100000E+03
  0.00000000E+00  0.80645161E+00 -0.28576546E+03 -0.52617872E+02
  0.00000000E+00  0.83870968E+00 -0.91464125E+02 -0.10950585E+04
  0.00000000E+00  0.87096774E+00  0.10000000E+01 -0.96100000E+03
  0.00000000E+00  0.90322581E+00 -0.47650235E+02 -0.96100000E+03
  0.00000000E+00  0.93548387E+00  0.24025000E+03  0.11003823E+04
  0.00000000E+00  0.96774194E+00 -0.31621619E+02 -0.96100000E+03
  0.00000000E+00  0.10000000E+01  0.24025000E+03  0.43233436E+04
  0.32258065E-01  0.00000000E+00  0.00000000E+00  0.10000000E+01
  0.32258065E-01  0.32258065E-01  0.10000000E+01  0.10000000E+01
  0.32258065E-01  0.64516129E-01  0.38440000E+04  0.10000000E+01
  0.32258065E-01  0.96774194E-01 -0.12269410E+05 -0.38316338E+00
  0.32258065E-01  0.12903226E+00 -0.62909550E+02  0.24025000E+03
  0.32258065E-01  0.16129032E+00 -0.96100000E+03  0.14140474E+05
  0.32258065E-01  0.19354839E+00 -0.96100000E+03  0.38440000E+04
  0.32258065E-01  0.22580645E+00 -0.57048633E+02 -0.15106586E+05
  0.32258065E-01  0.25806452E+00 -0.10347500E+04 -0.61655956E+02
  0.32258065E-01  0.29032258E+00 -0.70079140E+02 -0.99864124E+04
  0.32258065E-01  0.32258065E+00 -0.25882592E+03 -0.63525766E+02
  0.32258065E-01  0.35483871E+00 -0.96100000E+03 -0.96100000E+03
  0.32258065E-01  0.38709677E+00 -0.96100000E+03 -0.96100000E+03
  0.32258065E-01  0.41935484E+00  0.16404597E+03 -0.54124564E+02
  0.32258065E-01  0.45161290E+00 -0.73694333E+02 -0.28129859E+03
  0.32258065E-01  0.48387097E+00  0.10000000E+01 -0.96100000E+03
  0.32258065E-01  0.51612903E+00 -0.10797647E+03 -0.40432095E+04
  0.32258065E-01  0.54838710E+00  0.10000000E+01 -0.96100000E+03
  0.32258065E-01  0.58064516E+00 -0.17280963E+02 -0.96100000E+03
  0.32258065E-01  0.61290323E+00  0.24025000E+03  0.70356198E+03
  0.32258065E-01  0.64516129E+00  0.14651726E+05 -0.84881892E+02
  0.32258065E-01  0.67741935E+00  0.38440000E+04  0.10000000E+01
  0.32258065E-01  0.70967742E+00 -0.15792738E+05 -0.57377990E+02
  0.32258065E-01  0.74193548E+00  0.38440000E+04  0.10000000E+01
  0.32258065E-01  0.77419355E+00 -0.16940902E+05 -0.15612240E+02
  0.32258065E-01  0.80645161E+00 -0.67507128E+02  0.24025000E+03
  0.32258065E-01  0.83870968E+00 -0.96100000E+03  0.13366732E+05
  0.32258065E-01  0.87096774E+00 -0.96100000E+03  0.38440000E+04
  0.32258065E-01  0.90322581E+00 -0.49178780E+02 -0.15029523E+05
  0.32258065E-01  0.93548387E+00 -0.11003823E+04 -0.70132039E+02
  0.32258065E-01  0.96774194E+00 -0.14522822E+03 -0.10063096E+05
  0.32258065E-01  0.10000000E+01 -0.43233436E+04 -0.67064848E+02
  0.64516129E-01  0.00000000E+00  0.00000000E+00  0.00000000E+00
  0.64516129E-01  0.32258065E-01  0.10000000E+01  0.10000000E+01
  0.64516129E-01  0.64516129E-01 -0.96100000E+03 -0.96100000E+03
  0.64516129E-01  0.96774194E-01  0.20753376E+03 -0.58025447E+02
  0.64516129E-01  0.12903226E+00 -0.11043586E+03 -0.30953017E+03
  0.64516129E-01  0.16129032E+00  0.10000000E+01 -0.96100000E+03
  0.64516129E-01  0.19354839E+00 -0.36689029E+02 -0.96100000E+03
  0.64516129E-01  0.22580645E+00  0.24025000E+03  0.16652031E+03
  0.64516129E-01  0.25806452E+00  0.16526617E+05 -0.61075935E+02
  0.64516129E-01  0.29032258E+00  0.24025000E+03  0.36931966E+04
  0.64516129E-01  0.32258065E+00  0.13063181E+05 -0.11677589E+03
  0.64516129E-01  0.35483871E+00  0.38440000E+04  0.10000000E+01
  0.64516129E-01  0.38709677E+00 -0.14126825E+05 -0.23720097E+02
  0.64516129E-01  0.41935484E+00 -0.66000436E+02  0.24025000E+03
  0.64516129E-01  0.45161290E+00 -0.96100000E+03  0.14979497E+05
  0.64516129E-01  0.48387097E+00 -0.96100000E+03  0.38440000E+04
  0.64516129E-01  0.51612903E+00 -0.96100000E+03  0.81384570E+04
  0.64516129E-01  0.54838710E+00 -0.96100000E+03  0.38440000E+04
  0.64516129E-01  0.58064516E+00 -0.53279570E+02 -0.13091963E+05
  0.64516129E-01  0.61290323E+00 -0.70356198E+03 -0.68896889E+02
  0.64516129E-01  0.64516129E+00 -0.96100000E+03 -0.96100000E+03
  0.64516129E-01  0.67741935E+00 -0.96100000E+03 -0.96100000E+03
  0.64516129E-01  0.70967742E+00  0.14829153E+04 -0.53184386E+02
  0.64516129E-01  0.74193548E+00 -0.96100000E+03 -0.96100000E+03
  0.64516129E-01  0.77419355E+00  0.90648216E+03 -0.53105158E+02
  0.64516129E-01  0.80645161E+00 -0.94868118E+02  0.28576546E+03
  0.64516129E-01  0.83870968E+00  0.10000000E+01 -0.96100000E+03
  0.64516129E-01  0.87096774E+00 -0.38959303E+02 -0.96100000E+03
  0.64516129E-01  0.90322581E+00  0.24025000E+03  0.41223560E+03
  0.64516129E-01  0.93548387E+00  0.15457409E+05 -0.64252324E+02
  0.64516129E-01  0.96774194E+00  0.24025000E+03 -0.31550508E+05
  0.64516129E-01  0.10000000E+01  0.16868759E+05 -0.10323071E+03
  0.96774194E-01  0.00000000E+00  0.10000000E+01  0.10000000E+01
  0.96774194E-01  0.32258065E-01  0.50000000E+00  0.10000000E+01
  0.96774194E-01  0.64516129E-01 -0.10855015E+05  0.37316201E+01
  0.96774194E-01  0.96774194E-01 -0.62099553E+02  0.24025000E+03
  0.96774194E-01  0.12903226E+00 -0.96100000E+03  0.13158570E+05
  0.96774194E-01  0.16129032E+00 -0.96100000E+03  0.38440000E+04
  0.96774194E-01  0.19354839E+00 -0.57047727E+02 -0.14607375E+05
  0.96774194E-01  0.22580645E+00 -0.16652031E+03 -0.63076367E+02
  0.96774194E-01  0.25806452E+00 -0.96100000E+03 -0.96100000E+03
  0.96774194E-01  0.29032258E+00 -0.36931966E+04 -0.50045860E+02
  0.96774194E-01  0.32258065E+00 -0.96100000E+03 -0.96100000E+03
  0.96774194E-01  0.35483871E+00 -0.96100000E+03 -0.96100000E+03
  0.96774194E-01  0.38709677E+00  0.30417186E+03 -0.53875580E+02
  0.96774194E-01  0.41935484E+00 -0.84821911E+02 -0.16404597E+03
  0.96774194E-01  0.45161290E+00  0.10000000E+01 -0.96100000E+03
  0.96774194E-01  0.48387097E+00 -0.59102348E+02 -0.96100000E+03
  0.96774194E-01  0.51612903E+00  0.10000000E+01 -0.96100000E+03
  0.96774194E-01  0.54838710E+00 -0.10650725E+02 -0.96100000E+03
  0.96774194E-01  0.58064516E+00  0.24025000E+03  0.59645284E+03
  0.96774194E-01  0.61290323E+00  0.13752833E+05 -0.95407530E+02
  0.96774194E-01  0.64516129E+00  0.38440000E+04  0.10000000E+01
  0.96774194E-01  0.67741935E+00 -0.15022066E+05 -0.47827586E+02
  0.96774194E-01  0.70967742E+00 -0.66940614E+02  0.24025000E+03
  0.96774194E-01  0.74193548E+00 -0.88237019E+04 -0.16015217E+02
  0.96774194E-01  0.77419355E+00 -0.67019842E+02  0.24025000E+03
  0.96774194E-01  0.80645161E+00 -0.96100000E+03  0.14853986E+05
  0.96774194E-01  0.83870968E+00 -0.96100000E+03  0.38440000E+04
  0.96774194E-01  0.87096774E+00 -0.48810889E+02 -0.14764062E+05
  0.96774194E-01  0.90322581E+00 -0.41223560E+03 -0.70946220E+02
  0.96774194E-01  0.93548387E+00 -0.96100000E+03 -0.96100000E+03
  0.96774194E-01  0.96774194E+00  0.31550508E+05  0.25103224E+02
  0.96774194E-01  0.10000000E+01 -0.96100000E+03 -0.96100000E+03
  0.12903226E+00  0.00000000E+00  0.10000000E+01  0.10000000E+01
  0.12903226E+00  0.32258065E-01  0.10000000E+01 -0.28830000E+04
  0.12903226E+00  0.64516129E-01  0.10679525E+04 -0.61828671E+02
  0.12903226E+00  0.96774194E-01 -0.11974184E+03 -0.20753376E+03
  0.12903226E+00  0.12903226E+00  0.10000000E+01 -0.96100000E+03
  0.12903226E+00  0.16129032E+00 -0.24677047E+02 -0.96100000E+03
  0.12903226E+00  0.19354839E+00  0.24025000E+03  0.99977500E+02
  0.12903226E+00  0.22580645E+00  0.15106586E+05 -0.71581153E+02
  0.12903226E+00  0.25806452E+00  0.38440000E+04  0.10000000E+01
  0.12903226E+00  0.29032258E+00  0.99864124E+04 -0.11804936E+03
  0.12903226E+00  0.32258065E+00  0.38440000E+04  0.10000000E+01
  0.12903226E+00  0.35483871E+00 -0.13021379E+05 -0.13033925E+02
  0.12903226E+00  0.38709677E+00 -0.66249420E+02  0.24025000E+03
  0.12903226E+00  0.41935484E+00 -0.96100000E+03  0.14608049E+05
  0.12903226E+00  0.45161290E+00 -0.96100000E+03  0.38440000E+04
  0.12903226E+00  0.48387097E+00 -0.56931892E+02 -0.16467974E+05
  0.12903226E+00  0.51612903E+00 -0.96100000E+03  0.38440000E+04
  0.12903226E+00  0.54838710E+00 -0.54695220E+02 -0.14767015E+05
  0.12903226E+00  0.58064516E+00 -0.59645284E+03 -0.66845430E+02
  0.12903226E+00  0.61290323E+00 -0.96100000E+03 -0.96100000E+03
  0.12903226E+00  0.64516129E+00 -0.96100000E+03 -0.96100000E+03
  0.12903226E+00  0.67741935E+00  0.39753055E+03 -0.51469322E+02
  0.12903226E+00  0.70967742E+00 -0.62747010E+02 -0.14829153E+04
  0.12903226E+00  0.74193548E+00  0.54731595E+04 -0.10049432E+03
  0.12903226E+00  0.77419355E+00 -0.10451276E+03 -0.90648216E+03
  0.12903226E+00  0.80645161E+00  0.10000000E+01 -0.96100000E+03
  0.12903226E+00  0.83870968E+00 -0.30207716E+02 -0.96100000E+03
  0.12903226E+00  0.87096774E+00  0.24025000E+03  0.36917218E+03
  0.12903226E+00  0.90322581E+00  0.15029523E+05 -0.72474765E+02
  0.12903226E+00  0.93548387E+00  0.38440000E+04  0.10000000E+01
  0.12903226E+00  0.96774194E+00  0.10063096E+05 -0.88503381E+02
  0.12903226E+00  0.10000000E+01  0.38440000E+04  0.10000000E+01
  0.16129032E+00  0.00000000E+00  0.10000000E+01  0.10000000E+01
  0.16129032E+00  0.32258065E-01 -0.19872128E+05 -0.42963657E+02
  0.16129032E+00  0.64516129E-01 -0.58296329E+02  0.24025000E+03
  0.16129032E+00  0.96774194E-01 -0.96100000E+03  0.12269410E+05
  0.16129032E+00  0.12903226E+00 -0.96100000E+03  0.38440000E+04
  0.16129032E+00  0.16129032E+00 -0.56942852E+02 -0.14269044E+05
  0.16129032E+00  0.19354839E+00 -0.99977500E+02 -0.63077273E+02
  0.16129032E+00  0.22580645E+00 -0.96100000E+03 -0.96100000E+03
  0.16129032E+00  0.25806452E+00 -0.96100000E+03 -0.96100000E+03
  0.16129032E+00  0.29032258E+00 -0.96100000E+03 -0.96100000E+03
  0.16129032E+00  0.32258065E+00 -0.96100000E+03 -0.96100000E+03
  0.16129032E+00  0.35483871E+00  0.60125736E+03 -0.54656461E+02
  0.16129032E+00  0.38709677E+00 -0.96404903E+02 -0.30417186E+03
  0.16129032E+00  0.41935484E+00  0.10000000E+01 -0.96100000E+03
  0.16129032E+00  0.45161290E+00 -0.49210208E+02 -0.96100000E+03
  0.16129032E+00  0.48387097E+00  0.24025000E+03  0.20381484E+04
  0.16129032E+00  0.51612903E+00 -0.63592705E+01 -0.96100000E+03
  0.16129032E+00  0.54838710E+00  0.24025000E+03  0.73194160E+02
  0.16129032E+00  0.58064516E+00  0.13091963E+05 -0.10284404E+03
  0.16129032E+00  0.61290323E+00  0.38440000E+04  0.10000000E+01
  0.16129032E+00  0.64516129E+00 -0.14735711E+05 -0.37841508E+02
  0.16129032E+00  0.67741935E+00 -0.68655678E+02  0.24025000E+03
  0.16129032E+00  0.70967742E+00 -0.96100000E+03  0.15792738E+05
  0.16129032E+00  0.74193548E+00 -0.19630677E+02  0.24025000E+03
  0.16129032E+00  0.77419355E+00 -0.96100000E+03  0.16940902E+05
  0.16129032E+00  0.80645161E+00 -0.96100000E+03  0.38440000E+04
  0.16129032E+00  0.83870968E+00 -0.49088437E+02 -0.13626558E+05
  0.16129032E+00  0.87096774E+00 -0.36917218E+03 -0.71314111E+02
  0.16129032E+00  0.90322581E+00 -0.96100000E+03 -0.96100000E+03
  0.16129032E+00  0.93548387E+00 -0.96100000E+03 -0.96100000E+03
  0.16129032E+00  0.96774194E+00 -0.96100000E+03 -0.96100000E+03
  0.16129032E+00  0.10000000E+01 -0.96100000E+03 -0.96100000E+03
  0.19354839E+00  0.00000000E+00  0.10000000E+01  0.10000000E+01
  0.19354839E+00  0.32258065E-01 -0.28617130E+05 -0.80096357E+02
  0.19354839E+00  0.64516129E-01 -0.12385662E+03 -0.10679525E+04
  0.19354839E+00  0.96774194E-01  0.10000000E+01 -0.96100000E+03
  0.19354839E+00  0.12903226E+00 -0.12486869E+02 -0.96100000E+03
  0.19354839E+00  0.16129032E+00  0.24025000E+03  0.97600157E+02
  0.19354839E+00  0.19354839E+00  0.14607375E+05 -0.83435971E+02
  0.19354839E+00  0.22580645E+00  0.38440000E+04  0.10000000E+01
  0.19354839E+00  0.25806452E+00 -0.28830000E+04  0.50000000E+00
  0.19354839E+00  0.29032258E+00  0.38440000E+04  0.10000000E+01
  0.19354839E+00  0.32258065E+00 -0.12922810E+05 -0.52099947E+01
  0.19354839E+00  0.35483871E+00 -0.65468539E+02  0.24025000E+03
  0.19354839E+00  0.38709677E+00 -0.96100000E+03  0.14126825E+05
  0.19354839E+00  0.41935484E+00 -0.96100000E+03  0.38440000E+04
  0.19354839E+00  0.45161290E+00 -0.54159635E+02 -0.15115366E+05
  0.19354839E+00  0.48387097E+00 -0.20381484E+04 -0.63193108E+02
  0.19354839E+00  0.51612903E+00 -0.74038854E+02 -0.10906835E+05
  0.19354839E+00  0.54838710E+00 -0.73194160E+02 -0.65429780E+02
  0.19354839E+00  0.58064516E+00 -0.96100000E+03 -0.96100000E+03
  0.19354839E+00  0.61290323E+00 -0.96100000E+03 -0.96100000E+03
  0.19354839E+00  0.64516129E+00  0.23460466E+03 -0.51411121E+02
  0.19354839E+00  0.67741935E+00 -0.72297414E+02 -0.39753055E+03
  0.19354839E+00  0.70967742E+00  0.10000000E+01 -0.96100000E+03
  0.19354839E+00  0.74193548E+00 -0.10410978E+03 -0.54731595E+04
  0.19354839E+00  0.77419355E+00  0.10000000E+01 -0.96100000E+03
  0.19354839E+00  0.80645161E+00 -0.26093526E+02 -0.96100000E+03
  0.19354839E+00  0.83870968E+00  0.24025000E+03  0.10433152E+04
  0.19354839E+00  0.87096774E+00  0.14764062E+05 -0.81165697E+02
  0.19354839E+00  0.90322581E+00  0.38440000E+04  0.10000000E+01
  0.19354839E+00  0.93548387E+00 -0.15730867E+05 -0.57760647E+02
  0.19354839E+00  0.96774194E+00  0.38440000E+04  0.10000000E+01
  0.19354839E+00  0.10000000E+01 -0.18190846E+05 -0.21215999E+02
  0.22580645E+00  0.00000000E+00  0.10000000E+01  0.10000000E+01
  0.22580645E+00  0.32258065E-01 -0.40028643E+02  0.24025000E+03
  0.22580645E+00  0.64516129E-01 -0.96100000E+03  0.10855015E+05
  0.22580645E+00  0.96774194E-01 -0.96100000E+03  0.38440000E+04
  0.22580645E+00  0.12903226E+00 -0.57067128E+02 -0.13460985E+05
  0.22580645E+00  0.16129032E+00 -0.97600157E+02 -0.63182148E+02
  0.22580645E+00  0.19354839E+00 -0.96100000E+03 -0.96100000E+03
  0.22580645E+00  0.22580645E+00 -0.96100000E+03 -0.96100000E+03
  0.22580645E+00  0.25806452E+00  0.10000000E+01  0.10000000E+01
  0.22580645E+00  0.29032258E+00 -0.96100000E+03 -0.96100000E+03
  0.22580645E+00  0.32258065E+00  0.23255452E+03 -0.56119366E+02
  0.22580645E+00  0.35483871E+00 -0.10709107E+03 -0.60125736E+03
  0.22580645E+00  0.38709677E+00  0.10000000E+01 -0.96100000E+03
  0.22580645E+00  0.41935484E+00 -0.38099124E+02 -0.96100000E+03
  0.22580645E+00  0.45161290E+00  0.24025000E+03  0.32499136E+03
  0.22580645E+00  0.48387097E+00  0.16467974E+05 -0.61022652E+02
  0.22580645E+00  0.51612903E+00  0.24025000E+03  0.59784022E+04
  0.22580645E+00  0.54838710E+00  0.14767015E+05 -0.10947427E+03
  0.22580645E+00  0.58064516E+00  0.38440000E+04  0.10000000E+01
  0.22580645E+00  0.61290323E+00 -0.14067788E+05 -0.27243721E+02
  0.22580645E+00  0.64516129E+00 -0.68713879E+02  0.24025000E+03
  0.22580645E+00  0.67741935E+00 -0.96100000E+03  0.15022066E+05
  0.22580645E+00  0.70967742E+00 -0.96100000E+03  0.38440000E+04
  0.22580645E+00  0.74193548E+00 -0.96100000E+03  0.88237019E+04
  0.22580645E+00  0.77419355E+00 -0.96100000E+03  0.38440000E+04
  0.22580645E+00  0.80645161E+00 -0.52246990E+02 -0.14045626E+05
  0.22580645E+00  0.83870968E+00 -0.10433152E+04 -0.71036563E+02
  0.22580645E+00  0.87096774E+00 -0.96100000E+03 -0.96100000E+03
  0.22580645E+00  0.90322581E+00 -0.96100000E+03 -0.96100000E+03
  0.22580645E+00  0.93548387E+00  0.19060394E+04 -0.51296602E+02
  0.22580645E+00  0.96774194E+00 -0.96100000E+03 -0.96100000E+03
  0.22580645E+00  0.10000000E+01  0.15730325E+04 -0.49244329E+02
  0.25806452E+00  0.00000000E+00  0.10000000E+01  0.10000000E+01
  0.25806452E+00  0.32258065E-01 -0.77161343E+02  0.28617130E+05
  0.25806452E+00  0.64516129E-01  0.10000000E+01 -0.96100000E+03
  0.25806452E+00  0.96774194E-01 -0.24450674E+01 -0.96100000E+03
  0.25806452E+00  0.12903226E+00  0.24025000E+03  0.27844320E+03
  0.25806452E+00  0.16129032E+00  0.14269044E+05 -0.95447953E+02
  0.25806452E+00  0.19354839E+00  0.38440000E+04  0.10000000E+01
  0.25806452E+00  0.22580645E+00 -0.15282410E+05 -0.51478691E+02
  0.25806452E+00  0.25806452E+00  0.50000000E+00  0.10000000E+01
  0.25806452E+00  0.29032258E+00 -0.11763722E+05  0.55785540E-01
  0.25806452E+00  0.32258065E+00 -0.64005634E+02  0.24025000E+03
  0.25806452E+00  0.35483871E+00 -0.96100000E+03  0.13021379E+05
  0.25806452E+00  0.38709677E+00 -0.96100000E+03  0.38440000E+04
  0.25806452E+00  0.41935484E+00 -0.54149518E+02 -0.14681558E+05
  0.25806452E+00  0.45161290E+00 -0.32499136E+03 -0.65965365E+02
  0.25806452E+00  0.48387097E+00 -0.96100000E+03 -0.96100000E+03
  0.25806452E+00  0.51612903E+00 -0.59784022E+04 -0.46086146E+02
  0.25806452E+00  0.54838710E+00 -0.96100000E+03 -0.96100000E+03
  0.25806452E+00  0.58064516E+00 -0.96100000E+03 -0.96100000E+03
  0.25806452E+00  0.61290323E+00  0.55316158E+03 -0.51075122E+02
  0.25806452E+00  0.64516129E+00 -0.82283492E+02 -0.23460466E+03
  0.25806452E+00  0.67741935E+00  0.10000000E+01 -0.96100000E+03
  0.25806452E+00  0.70967742E+00 -0.59190437E+02 -0.96100000E+03
  0.25806452E+00  0.74193548E+00  0.10000000E+01 -0.96100000E+03
  0.25806452E+00  0.77419355E+00 -0.18932485E+02 -0.96100000E+03
  0.25806452E+00  0.80645161E+00  0.24025000E+03  0.21281006E+03
  0.25806452E+00  0.83870968E+00  0.13626558E+05 -0.89917284E+02
  0.25806452E+00  0.87096774E+00  0.38440000E+04  0.10000000E+01
  0.25806452E+00  0.90322581E+00 -0.15089497E+05 -0.49721134E+02
  0.25806452E+00  0.93548387E+00 -0.68828398E+02  0.24025000E+03
  0.25806452E+00  0.96774194E+00 -0.93360184E+04 -0.19630191E+02
  0.25806452E+00  0.10000000E+01 -0.70880671E+02  0.24025000E+03
  0.29032258E+00  0.00000000E+00  0.10000000E+01  0.10000000E+01
  0.29032258E+00  0.32258065E-01 -0.96100000E+03  0.19872128E+05
  0.29032258E+00  0.64516129E-01 -0.96100000E+03  0.38440000E+04
  0.29032258E+00  0.96774194E-01 -0.57800179E+02 -0.12400948E+05
  0.29032258E+00  0.12903226E+00 -0.27844320E+03 -0.63057872E+02
  0.29032258E+00  0.16129032E+00 -0.96100000E+03 -0.96100000E+03
  0.29032258E+00  0.19354839E+00 -0.96100000E+03 -0.96100000E+03
  0.29032258E+00  0.22580645E+00  0.20701370E+03 -0.57116819E+02
  0.29032258E+00  0.25806452E+00  0.10000000E+01 -0.28830000E+04
  0.29032258E+00  0.29032258E+00  0.22738426E+04 -0.63164032E+02
  0.29032258E+00  0.32258065E+00 -0.11491501E+03 -0.23255452E+03
  0.29032258E+00  0.35483871E+00  0.10000000E+01 -0.96100000E+03
  0.29032258E+00  0.38709677E+00 -0.26660418E+02 -0.96100000E+03
  0.29032258E+00  0.41935484E+00  0.24025000E+03  0.18768890E+03
  0.29032258E+00  0.45161290E+00  0.15115366E+05 -0.70914792E+02
  0.29032258E+00  0.48387097E+00  0.38440000E+04  0.10000000E+01
  0.29032258E+00  0.51612903E+00  0.10906835E+05 -0.11376573E+03
  0.29032258E+00  0.54838710E+00  0.38440000E+04  0.10000000E+01
  0.29032258E+00  0.58064516E+00 -0.13028278E+05 -0.18726192E+02
  0.29032258E+00  0.61290323E+00 -0.69049878E+02  0.24025000E+03
  0.29032258E+00  0.64516129E+00 -0.96100000E+03  0.14735711E+05
  0.29032258E+00  0.67741935E+00 -0.96100000E+03  0.38440000E+04
  0.29032258E+00  0.70967742E+00 -0.55506678E+02 -0.16371546E+05
  0.29032258E+00  0.74193548E+00 -0.96100000E+03  0.38440000E+04
  0.29032258E+00  0.77419355E+00 -0.52212983E+02 -0.17046199E+05
  0.29032258E+00  0.80645161E+00 -0.21281006E+03 -0.67878010E+02
  0.29032258E+00  0.83870968E+00 -0.96100000E+03 -0.96100000E+03
  0.29032258E+00  0.87096774E+00 -0.96100000E+03 -0.96100000E+03
  0.29032258E+00  0.90322581E+00  0.48588127E+03 -0.49174330E+02
  0.29032258E+00  0.93548387E+00 -0.62364353E+02 -0.19060394E+04
  0.29032258E+00  0.96774194E+00  0.68119883E+04 -0.10897027E+03
  0.29032258E+00  0.10000000E+01 -0.98909001E+02 -0.15730325E+04
  0.32258065E+00  0.00000000E+00  0.10000000E+01  0.10000000E+01
  0.32258065E+00  0.32258065E-01  0.10000000E+01 -0.96100000E+03
  0.32258065E+00  0.64516129E-01  0.40445870E+01 -0.96100000E+03
  0.32258065E+00  0.96774194E-01  0.24025000E+03  0.24781124E+03
  0.32258065E+00  0.12903226E+00  0.13460985E+05 -0.10763813E+03
  0.32258065E+00  0.16129032E+00  0.38440000E+04  0.10000000E+01
  0.32258065E+00  0.19354839E+00 -0.14708470E+05 -0.39643449E+02
  0.32258065E+00  0.22580645E+00 -0.63008181E+02  0.24025000E+03
  0.32258065E+00  0.25806452E+00 -0.20282751E+05 -0.44002096E+02
  0.32258065E+00  0.29032258E+00 -0.56960968E+02  0.24025000E+03
  0.32258065E+00  0.32258065E+00 -0.96100000E+03  0.12922810E+05
  0.32258065E+00  0.35483871E+00 -0.96100000E+03  0.38440000E+04
  0.32258065E+00  0.38709677E+00 -0.53912529E+02 -0.14309259E+05
  0.32258065E+00  0.41935484E+00 -0.18768890E+03 -0.65975482E+02
  0.32258065E+00  0.45161290E+00 -0.96100000E+03 -0.96100000E+03
  0.32258065E+00  0.48387097E+00 -0.96100000E+03 -0.96100000E+03
  0.32258065E+00  0.51612903E+00 -0.96100000E+03 -0.96100000E+03
  0.32258065E+00  0.54838710E+00 -0.96100000E+03 -0.96100000E+03
  0.32258065E+00  0.58064516E+00  0.78524683E+03 -0.52678237E+02
  0.32258065E+00  0.61290323E+00 -0.92881279E+02 -0.55316158E+03
  0.32258065E+00  0.64516129E+00  0.10000000E+01 -0.96100000E+03
  0.32258065E+00  0.67741935E+00 -0.50302674E+02 -0.96100000E+03
  0.32258065E+00  0.70967742E+00  0.24025000E+03  0.29785375E+04
  0.32258065E+00  0.74193548E+00 -0.10872596E+02 -0.96100000E+03
  0.32258065E+00  0.77419355E+00  0.24025000E+03 -0.23149812E+03
  0.32258065E+00  0.80645161E+00  0.14045626E+05 -0.94031474E+02
  0.32258065E+00  0.83870968E+00  0.38440000E+04  0.10000000E+01
  0.32258065E+00  0.87096774E+00 -0.14877972E+05 -0.41235212E+02
  0.32258065E+00  0.90322581E+00 -0.70950670E+02  0.24025000E+03
  0.32258065E+00  0.93548387E+00 -0.96100000E+03  0.15730867E+05
  0.32258065E+00  0.96774194E+00 -0.11154731E+02  0.24025000E+03
  0.32258065E+00  0.10000000E+01 -0.96100000E+03  0.18190846E+05
  0.35483871E+00  0.00000000E+00  0.10000000E+01  0.10000000E+01
  0.35483871E+00  0.32258065E-01 -0.96100000E+03  0.38440000E+04
  0.35483871E+00  0.64516129E-01 -0.59895843E+02 -0.11645833E+05
  0.35483871E+00  0.96774194E-01 -0.24781124E+03 -0.62324821E+02
  0.35483871E+00  0.12903226E+00 -0.96100000E+03 -0.96100000E+03
  0.35483871E+00  0.16129032E+00 -0.96100000E+03 -0.96100000E+03
  0.35483871E+00  0.19354839E+00  0.11553626E+03 -0.57042085E+02
  0.35483871E+00  0.22580645E+00 -0.68646309E+02 -0.20701370E+03
  0.35483871E+00  0.25806452E+00 -0.55895959E+05 -0.99477405E+02
  0.35483871E+00  0.29032258E+00 -0.12018079E+03 -0.22738426E+04
  0.35483871E+00  0.32258065E+00  0.10000000E+01 -0.96100000E+03
  0.35483871E+00  0.35483871E+00 -0.15418395E+02 -0.96100000E+03
  0.35483871E+00  0.38709677E+00  0.24025000E+03  0.22395836E+03
  0.35483871E+00  0.41935484E+00  0.14681558E+05 -0.82025876E+02
  0.35483871E+00  0.45161290E+00  0.38440000E+04  0.10000000E+01
  0.35483871E+00  0.48387097E+00 -0.28830000E+04  0.50000000E+00
  0.35483871E+00  0.51612903E+00  0.38440000E+04  0.10000000E+01
  0.35483871E+00  0.54838710E+00 -0.14359253E+05 -0.12735142E+02
  0.35483871E+00  0.58064516E+00 -0.67446763E+02  0.24025000E+03
  0.35483871E+00  0.61290323E+00 -0.96100000E+03  0.14067788E+05
  0.35483871E+00  0.64516129E+00 -0.96100000E+03  0.38440000E+04
  0.35483871E+00  0.67741935E+00 -0.51515413E+02 -0.15135728E+05
  0.35483871E+00  0.70967742E+00 -0.29785375E+04 -0.64618322E+02
  0.35483871E+00  0.74193548E+00 -0.77107776E+02 -0.11841327E+05
  0.35483871E+00  0.77419355E+00  0.23149812E+03 -0.67912017E+02
  0.35483871E+00  0.80645161E+00 -0.96100000E+03 -0.96100000E+03
  0.35483871E+00  0.83870968E+00 -0.96100000E+03 -0.96100000E+03
  0.35483871E+00  0.87096774E+00  0.31037940E+03 -0.48987743E+02
  0.35483871E+00  0.90322581E+00 -0.70403866E+02 -0.48588127E+03
  0.35483871E+00  0.93548387E+00  0.10000000E+01 -0.96100000E+03
  0.35483871E+00  0.96774194E+00 -0.10049481E+03 -0.68119883E+04
  0.35483871E+00  0.10000000E+01  0.10000000E+01 -0.96100000E+03
  0.38709677E+00  0.00000000E+00  0.10000000E+01  0.10000000E+01
  0.38709677E+00  0.32258065E-01 -0.20647595E+02 -0.96100000E+03
  0.38709677E+00  0.64516129E-01  0.24025000E+03  0.56857122E+03
  0.38709677E+00  0.96774194E-01  0.12400948E+05 -0.11767993E+03
  0.38709677E+00  0.12903226E+00  0.38440000E+04  0.10000000E+01
  0.38709677E+00  0.16129032E+00 -0.14364432E+05 -0.27735448E+02
  0.38709677E+00  0.19354839E+00 -0.63082915E+02  0.24025000E+03
  0.38709677E+00  0.22580645E+00 -0.96100000E+03  0.15282410E+05
  0.38709677E+00  0.25806452E+00 -0.20647595E+02  0.24025000E+03
  0.38709677E+00  0.29032258E+00 -0.96100000E+03  0.11763722E+05
  0.38709677E+00  0.32258065E+00 -0.96100000E+03  0.38440000E+04
  0.38709677E+00  0.35483871E+00 -0.54313345E+02 -0.13297717E+05
  0.38709677E+00  0.38709677E+00 -0.22395836E+03 -0.66212471E+02
  0.38709677E+00  0.41935484E+00 -0.96100000E+03 -0.96100000E+03
  0.38709677E+00  0.45161290E+00 -0.96100000E+03 -0.96100000E+03
  0.38709677E+00  0.48387097E+00  0.10000000E+01  0.10000000E+01
  0.38709677E+00  0.51612903E+00 -0.96100000E+03 -0.96100000E+03
  0.38709677E+00  0.54838710E+00 -0.70949455E+02 -0.54320222E+02
  0.38709677E+00  0.58064516E+00 -0.10139881E+03 -0.78524683E+03
  0.38709677E+00  0.61290323E+00  0.10000000E+01 -0.96100000E+03
  0.38709677E+00  0.64516129E+00 -0.40379929E+02 -0.96100000E+03
  0.38709677E+00  0.67741935E+00  0.24025000E+03  0.46680456E+03
  0.38709677E+00  0.70967742E+00  0.16371546E+05 -0.60934563E+02
  0.38709677E+00  0.74193548E+00  0.24025000E+03  0.86852247E+04
  0.38709677E+00  0.77419355E+00  0.17046199E+05 -0.10119252E+03
  0.38709677E+00  0.80645161E+00  0.38440000E+04  0.10000000E+01
  0.38709677E+00  0.83870968E+00 -0.13968967E+05 -0.32130734E+02
  0.38709677E+00  0.87096774E+00 -0.71137257E+02  0.24025000E+03
  0.38709677E+00  0.90322581E+00 -0.96100000E+03  0.15089497E+05
  0.38709677E+00  0.93548387E+00 -0.96100000E+03  0.38440000E+04
  0.38709677E+00  0.96774194E+00 -0.96100000E+03  0.93360184E+04
  0.38709677E+00  0.10000000E+01 -0.96100000E+03  0.38440000E+04
  0.41935484E+00  0.00000000E+00  0.10000000E+01  0.10000000E+01
  0.41935484E+00  0.32258065E-01 -0.78642617E+02 -0.67139420E+04
  0.41935484E+00  0.64516129E-01 -0.56857122E+03 -0.60229157E+02
  0.41935484E+00  0.96774194E-01 -0.96100000E+03 -0.96100000E+03
  0.41935484E+00  0.12903226E+00 -0.96100000E+03 -0.96100000E+03
  0.41935484E+00  0.16129032E+00  0.80250629E+02 -0.56982077E+02
  0.41935484E+00  0.19354839E+00 -0.80481551E+02 -0.11553626E+03
  0.41935484E+00  0.22580645E+00  0.10000000E+01 -0.96100000E+03
  0.41935484E+00  0.25806452E+00 -0.76122904E+02  0.55895959E+05
  0.41935484E+00  0.29032258E+00  0.10000000E+01 -0.96100000E+03
  0.41935484E+00  0.32258065E+00 -0.70543390E+01 -0.96100000E+03
  0.41935484E+00  0.35483871E+00  0.24025000E+03  0.57775217E+03
  0.41935484E+00  0.38709677E+00  0.14309259E+05 -0.93464582E+02
  0.41935484E+00  0.41935484E+00  0.38440000E+04  0.10000000E+01
  0.41935484E+00  0.45161290E+00 -0.15279781E+05 -0.51963887E+02
  0.41935484E+00  0.48387097E+00  0.50000000E+00  0.10000000E+01
  0.41935484E+00  0.51612903E+00 -0.13130485E+05 -0.51198906E+01
  0.41935484E+00  0.54838710E+00 -0.65804778E+02  0.24025000E+03
  0.41935484E+00  0.58064516E+00 -0.96100000E+03  0.13028278E+05
  0.41935484E+00  0.61290323E+00 -0.96100000E+03  0.38440000E+04
  0.41935484E+00  0.64516129E+00 -0.51474709E+02 -0.14798059E+05
  0.41935484E+00  0.67741935E+00 -0.46680456E+03 -0.68609587E+02
  0.41935484E+00  0.70967742E+00 -0.96100000E+03 -0.96100000E+03
  0.41935484E+00  0.74193548E+00 -0.86852247E+04 -0.43017224E+02
  0.41935484E+00  0.77419355E+00 -0.96100000E+03 -0.96100000E+03
  0.41935484E+00  0.80645161E+00 -0.96100000E+03 -0.96100000E+03
  0.41935484E+00  0.83870968E+00  0.88141762E+03 -0.48696131E+02
  0.41935484E+00  0.87096774E+00 -0.78889788E+02 -0.31037940E+03
  0.41935484E+00  0.90322581E+00  0.10000000E+01 -0.96100000E+03
  0.41935484E+00  0.93548387E+00 -0.59311992E+02 -0.96100000E+03
  0.41935484E+00  0.96774194E+00  0.10000000E+01 -0.96100000E+03
  0.41935484E+00  0.10000000E+01 -0.26063235E+02 -0.96100000E+03
  0.45161290E+00  0.00000000E+00  0.10000000E+01  0.10000000E+01
  0.45161290E+00  0.32258065E-01  0.24025000E+03 -0.63409676E+04
  0.45161290E+00  0.64516129E-01  0.11645833E+05 -0.12416959E+03
  0.45161290E+00  0.96774194E-01  0.38440000E+04  0.10000000E+01
  0.45161290E+00  0.12903226E+00 -0.13736322E+05 -0.15438297E+02
  0.45161290E+00  0.16129032E+00 -0.63142923E+02  0.24025000E+03
  0.45161290E+00  0.19354839E+00 -0.96100000E+03  0.14708470E+05
  0.45161290E+00  0.22580645E+00 -0.96100000E+03  0.38440000E+04
  0.45161290E+00  0.25806452E+00 -0.96100000E+03  0.20282751E+05
  0.45161290E+00  0.29032258E+00 -0.96100000E+03  0.38440000E+04
  0.45161290E+00  0.32258065E+00 -0.55774553E+02 -0.12784698E+05
  0.45161290E+00  0.35483871E+00 -0.57775217E+03 -0.65811655E+02
  0.45161290E+00  0.38709677E+00 -0.96100000E+03 -0.96100000E+03
  0.45161290E+00  0.41935484E+00 -0.96100000E+03 -0.96100000E+03
  0.45161290E+00  0.45161290E+00  0.40665470E+03 -0.54288868E+02
  0.45161290E+00  0.48387097E+00  0.10000000E+01 -0.28830000E+04
  0.45161290E+00  0.51612903E+00  0.37892341E+04 -0.63703454E+02
  0.45161290E+00  0.54838710E+00 -0.10738986E+03  0.70949455E+02
  0.45161290E+00  0.58064516E+00  0.10000000E+01 -0.96100000E+03
  0.45161290E+00  0.61290323E+00 -0.29896918E+02 -0.96100000E+03
  0.45161290E+00  0.64516129E+00  0.24025000E+03  0.25670237E+03
  0.45161290E+00  0.67741935E+00  0.15135728E+05 -0.69822326E+02
  0.45161290E+00  0.70967742E+00  0.38440000E+04  0.10000000E+01
  0.45161290E+00  0.74193548E+00  0.11841327E+05 -0.10925240E+03
  0.45161290E+00  0.77419355E+00  0.38440000E+04  0.10000000E+01
  0.45161290E+00  0.80645161E+00 -0.13509574E+05 -0.26746776E+02
  0.45161290E+00  0.83870968E+00 -0.71428869E+02  0.24025000E+03
  0.45161290E+00  0.87096774E+00 -0.96100000E+03  0.14877972E+05
  0.45161290E+00  0.90322581E+00 -0.96100000E+03  0.38440000E+04
  0.45161290E+00  0.93548387E+00 -0.54247383E+02 -0.16239697E+05
  0.45161290E+00  0.96774194E+00 -0.96100000E+03  0.38440000E+04
  0.45161290E+00  0.10000000E+01 -0.48512670E+02 -0.18895392E+05
  0.48387097E+00  0.00000000E+00  0.10000000E+01  0.10000000E+01
  0.48387097E+00  0.32258065E-01  0.63409676E+04 -0.41482383E+02
  0.48387097E+00  0.64516129E-01 -0.96100000E+03 -0.96100000E+03
  0.48387097E+00  0.96774194E-01 -0.96100000E+03 -0.96100000E+03
  0.48387097E+00  0.12903226E+00  0.23056847E+03 -0.56966962E+02
  0.48387097E+00  0.16129032E+00 -0.92389552E+02 -0.80250629E+02
  0.48387097E+00  0.19354839E+00  0.10000000E+01 -0.96100000E+03
  0.48387097E+00  0.22580645E+00 -0.54317479E+02 -0.96100000E+03
  0.48387097E+00  0.25806452E+00  0.10000000E+01 -0.96100000E+03
  0.48387097E+00  0.29032258E+00 -0.20085520E+00 -0.96100000E+03
  0.48387097E+00  0.32258065E+00  0.24025000E+03  0.32919203E+03
  0.48387097E+00  0.35483871E+00  0.13297717E+05 -0.10470660E+03
  0.48387097E+00  0.38709677E+00  0.38440000E+04  0.10000000E+01
  0.48387097E+00  0.41935484E+00 -0.14764774E+05 -0.40876106E+02
  0.48387097E+00  0.45161290E+00 -0.65836132E+02  0.24025000E+03
  0.48387097E+00  0.48387097E+00 -0.20804852E+05 -0.45515843E+02
  0.48387097E+00  0.51612903E+00 -0.56421546E+02  0.24025000E+03
  0.48387097E+00  0.54838710E+00 -0.96100000E+03  0.14359253E+05
  0.48387097E+00  0.58064516E+00 -0.96100000E+03  0.38440000E+04
  0.48387097E+00  0.61290323E+00 -0.51076277E+02 -0.14330079E+05
  0.48387097E+00  0.64516129E+00 -0.25670237E+03 -0.68650291E+02
  0.48387097E+00  0.67741935E+00 -0.96100000E+03 -0.96100000E+03
  0.48387097E+00  0.70967742E+00 -0.96100000E+03 -0.96100000E+03
  0.48387097E+00  0.74193548E+00 -0.96100000E+03 -0.96100000E+03
  0.48387097E+00  0.77419355E+00 -0.96100000E+03 -0.96100000E+03
  0.48387097E+00  0.80645161E+00  0.67095668E+03 -0.51522288E+02
  0.48387097E+00  0.83870968E+00 -0.87994266E+02 -0.88141762E+03
  0.48387097E+00  0.87096774E+00  0.10000000E+01 -0.96100000E+03
  0.48387097E+00  0.90322581E+00 -0.51790307E+02 -0.96100000E+03
  0.48387097E+00  0.93548387E+00  0.24025000E+03  0.38237953E+04
  0.48387097E+00  0.96774194E+00 -0.14521198E+02 -0.96100000E+03
  0.48387097E+00  0.10000000E+01  0.24025000E+03 -0.27484281E+03
  0.51612903E+00  0.00000000E+00  0.10000000E+01  0.10000000E+01
  0.51612903E+00  0.32258065E-01  0.67139420E+04 -0.99477405E+02
  0.51612903E+00  0.64516129E-01  0.38440000E+04  0.10000000E+01
  0.51612903E+00  0.96774194E-01 -0.12598602E+05 -0.46711103E+01
  0.51612903E+00  0.12903226E+00 -0.63158038E+02  0.24025000E+03
  0.51612903E+00  0.16129032E+00 -0.96100000E+03  0.14364432E+05
  0.51612903E+00  0.19354839E+00 -0.96100000E+03  0.38440000E+04
  0.51612903E+00  0.22580645E+00 -0.57282691E+02 -0.15513240E+05
  0.51612903E+00  0.25806452E+00 -0.96100000E+03  0.38440000E+04
  0.51612903E+00  0.29032258E+00 -0.59410983E+02 -0.12707694E+05
  0.51612903E+00  0.32258065E+00 -0.32919203E+03 -0.64350447E+02
  0.51612903E+00  0.35483871E+00 -0.96100000E+03 -0.96100000E+03
  0.51612903E+00  0.38709677E+00 -0.96100000E+03 -0.96100000E+03
  0.51612903E+00  0.41935484E+00  0.21791199E+03 -0.54146377E+02
  0.51612903E+00  0.45161290E+00 -0.68161113E+02 -0.40665470E+03
  0.51612903E+00  0.48387097E+00 -0.80765073E+05 -0.11766932E+03
  0.51612903E+00  0.51612903E+00 -0.11500511E+03 -0.37892341E+04
  0.51612903E+00  0.54838710E+00  0.10000000E+01 -0.96100000E+03
  0.51612903E+00  0.58064516E+00 -0.20415136E+02 -0.96100000E+03
  0.51612903E+00  0.61290323E+00  0.24025000E+03  0.41031476E+03
  0.51612903E+00  0.64516129E+00  0.14798059E+05 -0.79745071E+02
  0.51612903E+00  0.67741935E+00  0.38440000E+04  0.10000000E+01
  0.51612903E+00  0.70967742E+00 -0.28830000E+04  0.50000000E+00
  0.51612903E+00  0.74193548E+00  0.38440000E+04  0.10000000E+01
  0.51612903E+00  0.77419355E+00 -0.16592865E+05 -0.21794791E+02
  0.51612903E+00  0.80645161E+00 -0.68602712E+02  0.24025000E+03
  0.51612903E+00  0.83870968E+00 -0.96100000E+03  0.13968967E+05
  0.51612903E+00  0.87096774E+00 -0.96100000E+03  0.38440000E+04
  0.51612903E+00  0.90322581E+00 -0.49225569E+02 -0.15173255E+05
  0.51612903E+00  0.93548387E+00 -0.38237953E+04 -0.65877617E+02
  0.51612903E+00  0.96774194E+00 -0.79652220E+02 -0.12240966E+05
  0.51612903E+00  0.10000000E+01  0.27484281E+03 -0.71612330E+02
  0.54838710E+00  0.00000000E+00  0.10000000E+01  0.10000000E+01
  0.54838710E+00  0.32258065E-01 -0.96100000E+03 -0.96100000E+03
  0.54838710E+00  0.64516129E-01 -0.96100000E+03 -0.96100000E+03
  0.54838710E+00  0.96774194E-01  0.29106931E+03 -0.57596084E+02
  0.54838710E+00  0.12903226E+00 -0.10468670E+03 -0.23056847E+03
  0.54838710E+00  0.16129032E+00  0.10000000E+01 -0.96100000E+03
  0.54838710E+00  0.19354839E+00 -0.42605152E+02 -0.96100000E+03
  0.54838710E+00  0.22580645E+00  0.24025000E+03  0.29832775E+03
  0.54838710E+00  0.25806452E+00 -0.22489535E+02 -0.96100000E+03
  0.54838710E+00  0.29032258E+00  0.24025000E+03  0.11555687E+04
  0.54838710E+00  0.32258065E+00  0.12784698E+05 -0.11307066E+03
  0.54838710E+00  0.35483871E+00  0.38440000E+04  0.10000000E+01
  0.54838710E+00  0.38709677E+00 -0.14439539E+05 -0.29586672E+02
  0.54838710E+00  0.41935484E+00 -0.65978623E+02  0.24025000E+03
  0.54838710E+00  0.45161290E+00 -0.96100000E+03  0.15279781E+05
  0.54838710E+00  0.48387097E+00 -0.24556786E+01  0.24025000E+03
  0.54838710E+00  0.51612903E+00 -0.96100000E+03  0.13130485E+05
  0.54838710E+00  0.54838710E+00 -0.96100000E+03  0.38440000E+04
  0.54838710E+00  0.58064516E+00 -0.52071746E+02 -0.13161662E+05
  0.54838710E+00  0.61290323E+00 -0.41031476E+03 -0.69048723E+02
  0.54838710E+00  0.64516129E+00 -0.96100000E+03 -0.96100000E+03
  0.54838710E+00  0.67741935E+00 -0.96100000E+03 -0.96100000E+03
  0.54838710E+00  0.70967742E+00  0.10000000E+01  0.10000000E+01
  0.54838710E+00  0.74193548E+00 -0.96100000E+03 -0.96100000E+03
  0.54838710E+00  0.77419355E+00 -0.69795313E+03 -0.52297993E+02
  0.54838710E+00  0.80645161E+00 -0.93378224E+02 -0.67095668E+03
  0.54838710E+00  0.83870968E+00  0.10000000E+01 -0.96100000E+03
  0.54838710E+00  0.87096774E+00 -0.43433268E+02 -0.96100000E+03
  0.54838710E+00  0.90322581E+00  0.24025000E+03  0.58314687E+03
  0.54838710E+00  0.93548387E+00  0.16239697E+05 -0.60813008E+02
  0.54838710E+00  0.96774194E+00  0.24025000E+03  0.11635500E+05
  0.54838710E+00  0.10000000E+01  0.18895392E+05 -0.94061765E+02
  0.58064516E+00  0.00000000E+00  0.10000000E+01  0.10000000E+01
  0.58064516E+00  0.32258065E-01  0.38440000E+04  0.10000000E+01
  0.58064516E+00  0.64516129E-01 -0.12010584E+05  0.30801029E+01
  0.58064516E+00  0.96774194E-01 -0.62528916E+02  0.24025000E+03
  0.58064516E+00  0.12903226E+00 -0.96100000E+03  0.13736322E+05
  0.58064516E+00  0.16129032E+00 -0.96100000E+03  0.38440000E+04
  0.58064516E+00  0.19354839E+00 -0.57031962E+02 -0.14825287E+05
  0.58064516E+00  0.22580645E+00 -0.29832775E+03 -0.62842309E+02
  0.58064516E+00  0.25806452E+00 -0.96741137E+02 -0.72628274E+04
  0.58064516E+00  0.29032258E+00 -0.11555687E+04 -0.60714017E+02
  0.58064516E+00  0.32258065E+00 -0.96100000E+03 -0.96100000E+03
  0.58064516E+00  0.35483871E+00 -0.96100000E+03 -0.96100000E+03
  0.58064516E+00  0.38709677E+00  0.17428518E+03 -0.53988454E+02
  0.58064516E+00  0.41935484E+00 -0.79248894E+02 -0.21791199E+03
  0.58064516E+00  0.45161290E+00  0.10000000E+01 -0.96100000E+03
  0.58064516E+00  0.48387097E+00 -0.74609157E+02  0.80765073E+05
  0.58064516E+00  0.51612903E+00  0.10000000E+01 -0.96100000E+03
  0.58064516E+00  0.54838710E+00 -0.14472098E+02 -0.96100000E+03
  0.58064516E+00  0.58064516E+00  0.24025000E+03  0.85815168E+03
  0.58064516E+00  0.61290323E+00  0.14330079E+05 -0.90228082E+02
  0.58064516E+00  0.64516129E+00  0.38440000E+04  0.10000000E+01
  0.58064516E+00  0.67741935E+00 -0.15280222E+05 -0.52761652E+02
  0.58064516E+00  0.70967742E+00  0.50000000E+00  0.10000000E+01
  0.58064516E+00  0.74193548E+00 -0.14480799E+05 -0.10401851E+02
  0.58064516E+00  0.77419355E+00 -0.67827007E+02  0.24025000E+03
  0.58064516E+00  0.80645161E+00 -0.96100000E+03  0.13509574E+05
  0.58064516E+00  0.83870968E+00 -0.96100000E+03  0.38440000E+04
  0.58064516E+00  0.87096774E+00 -0.49114783E+02 -0.14942321E+05
  0.58064516E+00  0.90322581E+00 -0.58314687E+03 -0.70899431E+02
  0.58064516E+00  0.93548387E+00 -0.96100000E+03 -0.96100000E+03
  0.58064516E+00  0.96774194E+00 -0.11635500E+05 -0.40472780E+02
  0.58064516E+00  0.10000000E+01 -0.96100000E+03 -0.96100000E+03
  0.61290323E+00  0.00000000E+00  0.10000000E+01  0.10000000E+01
  0.61290323E+00  0.32258065E-01 -0.96100000E+03 -0.96100000E+03
  0.61290323E+00  0.64516129E-01  0.30614037E+03 -0.58872864E+02
  0.61290323E+00  0.96774194E-01 -0.11545389E+03 -0.29106931E+03
  0.61290323E+00  0.12903226E+00  0.10000000E+01 -0.96100000E+03
  0.61290323E+00  0.16129032E+00 -0.30751093E+02 -0.96100000E+03
  0.61290323E+00  0.19354839E+00  0.24025000E+03  0.13042456E+03
  0.61290323E+00  0.22580645E+00  0.15513240E+05 -0.65807521E+02
  0.61290323E+00  0.25806452E+00  0.24025000E+03 -0.12710310E+05
  0.61290323E+00  0.29032258E+00  0.12707694E+05 -0.11992414E+03
  0.61290323E+00  0.32258065E+00  0.38440000E+04  0.10000000E+01
  0.61290323E+00  0.35483871E+00 -0.13601087E+05 -0.18029307E+02
  0.61290323E+00  0.38709677E+00 -0.66136546E+02  0.24025000E+03
  0.61290323E+00  0.41935484E+00 -0.96100000E+03  0.14764774E+05
  0.61290323E+00  0.45161290E+00 -0.96100000E+03  0.38440000E+04
  0.61290323E+00  0.48387097E+00 -0.96100000E+03  0.20804852E+05
  0.61290323E+00  0.51612903E+00 -0.96100000E+03  0.38440000E+04
  0.61290323E+00  0.54838710E+00 -0.54094482E+02 -0.13836507E+05
  0.61290323E+00  0.58064516E+00 -0.85815168E+03 -0.68053254E+02
  0.61290323E+00  0.61290323E+00 -0.96100000E+03 -0.96100000E+03
  0.61290323E+00  0.64516129E+00 -0.96100000E+03 -0.96100000E+03
  0.61290323E+00  0.67741935E+00  0.59066835E+03 -0.51692876E+02
  0.61290323E+00  0.70967742E+00  0.10000000E+01 -0.28830000E+04
  0.61290323E+00  0.74193548E+00  0.57501013E+04 -0.63283399E+02
  0.61290323E+00  0.77419355E+00 -0.98330209E+02  0.69795313E+03
  0.61290323E+00  0.80645161E+00  0.10000000E+01 -0.96100000E+03
  0.61290323E+00  0.83870968E+00 -0.34316016E+02 -0.96100000E+03
  0.61290323E+00  0.87096774E+00  0.24025000E+03  0.31075754E+03
  0.61290323E+00  0.90322581E+00  0.15173255E+05 -0.68334693E+02
  0.61290323E+00  0.93548387E+00  0.38440000E+04  0.10000000E+01
  0.61290323E+00  0.96774194E+00  0.12240966E+05 -0.10560380E+03
  0.61290323E+00  0.10000000E+01  0.38440000E+04  0.10000000E+01
  0.64516129E+00  0.00000000E+00  0.10000000E+01  0.10000000E+01
  0.64516129E+00  0.32258065E-01 -0.71618183E+04 -0.62850202E+01
  0.64516129E+00  0.64516129E-01 -0.61252136E+02  0.24025000E+03
  0.64516129E+00  0.96774194E-01 -0.96100000E+03  0.12598602E+05
  0.64516129E+00  0.12903226E+00 -0.96100000E+03  0.38440000E+04
  0.64516129E+00  0.16129032E+00 -0.57018008E+02 -0.14443329E+05
  0.64516129E+00  0.19354839E+00 -0.13042456E+03 -0.63093038E+02
  0.64516129E+00  0.22580645E+00 -0.96100000E+03 -0.96100000E+03
  0.64516129E+00  0.25806452E+00  0.12710310E+05 -0.23383863E+02
  0.64516129E+00  0.29032258E+00 -0.96100000E+03 -0.96100000E+03
  0.64516129E+00  0.32258065E+00 -0.96100000E+03 -0.96100000E+03
  0.64516129E+00  0.35483871E+00  0.50388749E+03 -0.54059242E+02
  0.64516129E+00  0.38709677E+00 -0.90538328E+02 -0.17428518E+03
  0.64516129E+00  0.41935484E+00  0.10000000E+01 -0.96100000E+03
  0.64516129E+00  0.45161290E+00 -0.54634151E+02 -0.96100000E+03
  0.64516129E+00  0.48387097E+00  0.10000000E+01 -0.96100000E+03
  0.64516129E+00  0.51612903E+00 -0.62399031E+01 -0.96100000E+03
  0.64516129E+00  0.54838710E+00  0.24025000E+03  0.64456314E+02
  0.64516129E+00  0.58064516E+00  0.13161662E+05 -0.99709864E+02
  0.64516129E+00  0.61290323E+00  0.38440000E+04  0.10000000E+01
  0.64516129E+00  0.64516129E+00 -0.14858780E+05 -0.42876243E+02
  0.64516129E+00  0.67741935E+00 -0.68432124E+02  0.24025000E+03
  0.64516129E+00  0.70967742E+00 -0.21292594E+05 -0.47278196E+02
  0.64516129E+00  0.74193548E+00 -0.56841601E+02  0.24025000E+03
  0.64516129E+00  0.77419355E+00 -0.96100000E+03  0.16592865E+05
  0.64516129E+00  0.80645161E+00 -0.96100000E+03  0.38440000E+04
  0.64516129E+00  0.83870968E+00 -0.48571333E+02 -0.14304094E+05
  0.64516129E+00  0.87096774E+00 -0.31075754E+03 -0.71010217E+02
  0.64516129E+00  0.90322581E+00 -0.96100000E+03 -0.96100000E+03
  0.64516129E+00  0.93548387E+00 -0.96100000E+03 -0.96100000E+03
  0.64516129E+00  0.96774194E+00 -0.96100000E+03 -0.96100000E+03
  0.64516129E+00  0.10000000E+01 -0.96100000E+03 -0.96100000E+03
  0.67741935E+00  0.00000000E+00  0.10000000E+01  0.10000000E+01
  0.67741935E+00  0.32258065E-01  0.13196245E+04 -0.71072172E+02
  0.67741935E+00  0.64516129E-01 -0.12320510E+03 -0.30614037E+03
  0.67741935E+00  0.96774194E-01  0.10000000E+01 -0.96100000E+03
  0.67741935E+00  0.12903226E+00 -0.18490127E+02 -0.96100000E+03
  0.67741935E+00  0.16129032E+00  0.24025000E+03  0.77713018E+02
  0.67741935E+00  0.19354839E+00  0.14825287E+05 -0.77519848E+02
  0.67741935E+00  0.22580645E+00  0.38440000E+04  0.10000000E+01
  0.67741935E+00  0.25806452E+00  0.72628274E+04 -0.97635465E+02
  0.67741935E+00  0.29032258E+00  0.38440000E+04  0.10000000E+01
  0.67741935E+00  0.32258065E+00 -0.12739455E+05 -0.89156923E+01
  0.67741935E+00  0.35483871E+00 -0.66065758E+02  0.24025000E+03
  0.67741935E+00  0.38709677E+00 -0.96100000E+03  0.14439539E+05
  0.67741935E+00  0.41935484E+00 -0.96100000E+03  0.38440000E+04
  0.67741935E+00  0.45161290E+00 -0.54609299E+02 -0.15499020E+05
  0.67741935E+00  0.48387097E+00 -0.96100000E+03  0.38440000E+04
  0.67741935E+00  0.51612903E+00 -0.58270542E+02 -0.14383093E+05
  0.67741935E+00  0.54838710E+00 -0.64456314E+02 -0.66030518E+02
  0.67741935E+00  0.58064516E+00 -0.96100000E+03 -0.96100000E+03
  0.67741935E+00  0.61290323E+00 -0.96100000E+03 -0.96100000E+03
  0.67741935E+00  0.64516129E+00  0.29738107E+03 -0.51490536E+02
  0.67741935E+00  0.67741935E+00 -0.67363348E+02 -0.59066835E+03
  0.67741935E+00  0.70967742E+00 -0.10258982E+06 -0.13433946E+03
  0.67741935E+00  0.74193548E+00 -0.10972315E+03 -0.57501013E+04
  0.67741935E+00  0.77419355E+00  0.10000000E+01 -0.96100000E+03
  0.67741935E+00  0.80645161E+00 -0.27532352E+02 -0.96100000E+03
  0.67741935E+00  0.83870968E+00  0.24025000E+03  0.67905842E+03
  0.67741935E+00  0.87096774E+00  0.14942321E+05 -0.76691732E+02
  0.67741935E+00  0.90322581E+00  0.38440000E+04  0.10000000E+01
  0.67741935E+00  0.93548387E+00 -0.28830000E+04  0.50000000E+00
  0.67741935E+00  0.96774194E+00  0.38440000E+04  0.10000000E+01
  0.67741935E+00  0.10000000E+01 -0.18900414E+05 -0.30473120E+02
  0.70967742E+00  0.00000000E+00  0.10000000E+01  0.10000000E+01
  0.70967742E+00  0.32258065E-01 -0.49052828E+02  0.24025000E+03
  0.70967742E+00  0.64516129E-01 -0.96100000E+03  0.12010584E+05
  0.70967742E+00  0.96774194E-01 -0.96100000E+03  0.38440000E+04
  0.70967742E+00  0.12903226E+00 -0.56918901E+02 -0.13964872E+05
  0.70967742E+00  0.16129032E+00 -0.77713018E+02 -0.63106992E+02
  0.70967742E+00  0.19354839E+00 -0.96100000E+03 -0.96100000E+03
  0.70967742E+00  0.22580645E+00 -0.96100000E+03 -0.96100000E+03
  0.70967742E+00  0.25806452E+00 -0.96100000E+03 -0.96100000E+03
  0.70967742E+00  0.29032258E+00 -0.96100000E+03 -0.96100000E+03
  0.70967742E+00  0.32258065E+00  0.45877896E+03 -0.55426737E+02
  0.70967742E+00  0.35483871E+00 -0.10209569E+03 -0.50388749E+03
  0.70967742E+00  0.38709677E+00  0.10000000E+01 -0.96100000E+03
  0.70967742E+00  0.41935484E+00 -0.43650673E+02 -0.96100000E+03
  0.70967742E+00  0.45161290E+00  0.24025000E+03  0.58786551E+03
  0.70967742E+00  0.48387097E+00 -0.25200444E+02 -0.96100000E+03
  0.70967742E+00  0.51612903E+00  0.24025000E+03  0.18632411E+04
  0.70967742E+00  0.54838710E+00  0.13836507E+05 -0.10565290E+03
  0.70967742E+00  0.58064516E+00  0.38440000E+04  0.10000000E+01
  0.70967742E+00  0.61290323E+00 -0.14522888E+05 -0.32584917E+02
  0.70967742E+00  0.64516129E+00 -0.68634464E+02  0.24025000E+03
  0.70967742E+00  0.67741935E+00 -0.96100000E+03  0.15280222E+05
  0.70967742E+00  0.70967742E+00  0.14214462E+02  0.24025000E+03
  0.70967742E+00  0.74193548E+00 -0.96100000E+03  0.14480799E+05
  0.70967742E+00  0.77419355E+00 -0.96100000E+03  0.38440000E+04
  0.70967742E+00  0.80645161E+00 -0.50622699E+02 -0.13296554E+05
  0.70967742E+00  0.83870968E+00 -0.67905842E+03 -0.71553667E+02
  0.70967742E+00  0.87096774E+00 -0.96100000E+03 -0.96100000E+03
  0.70967742E+00  0.90322581E+00 -0.96100000E+03 -0.96100000E+03
  0.70967742E+00  0.93548387E+00  0.10000000E+01  0.10000000E+01
  0.70967742E+00  0.96774194E+00 -0.96100000E+03 -0.96100000E+03
  0.70967742E+00  0.10000000E+01 -0.13370013E+04 -0.49351507E+02
  0.74193548E+00  0.00000000E+00  0.10000000E+01  0.10000000E+01
  0.74193548E+00  0.32258065E-01 -0.11383998E+03 -0.13196245E+04
  0.74193548E+00  0.64516129E-01  0.10000000E+01 -0.96100000E+03
  0.74193548E+00  0.96774194E-01 -0.70808300E+01 -0.96100000E+03
  0.74193548E+00  0.12903226E+00  0.24025000E+03  0.17782424E+03
  0.74193548E+00  0.16129032E+00  0.14443329E+05 -0.89373907E+02
  0.74193548E+00  0.19354839E+00  0.38440000E+04  0.10000000E+01
  0.74193548E+00  0.22580645E+00 -0.15870276E+05 -0.56931892E+02
  0.74193548E+00  0.25806452E+00  0.38440000E+04  0.10000000E+01
  0.74193548E+00  0.29032258E+00 -0.13058392E+05 -0.15695157E+01
  0.74193548E+00  0.32258065E+00 -0.64698263E+02  0.24025000E+03
  0.74193548E+00  0.35483871E+00 -0.96100000E+03  0.13601087E+05
  0.74193548E+00  0.38709677E+00 -0.96100000E+03  0.38440000E+04
  0.74193548E+00  0.41935484E+00 -0.54130123E+02 -0.14863403E+05
  0.74193548E+00  0.45161290E+00 -0.58786551E+03 -0.65515701E+02
  0.74193548E+00  0.48387097E+00 -0.11396525E+03 -0.80917234E+04
  0.74193548E+00  0.51612903E+00 -0.18632411E+04 -0.61854458E+02
  0.74193548E+00  0.54838710E+00 -0.96100000E+03 -0.96100000E+03
  0.74193548E+00  0.58064516E+00 -0.96100000E+03 -0.96100000E+03
  0.74193548E+00  0.61290323E+00  0.30389624E+03 -0.51173089E+02
  0.74193548E+00  0.64516129E+00 -0.77248757E+02 -0.29738107E+03
  0.74193548E+00  0.67741935E+00  0.10000000E+01 -0.96100000E+03
  0.74193548E+00  0.70967742E+00 -0.72846804E+02  0.10258982E+06
  0.74193548E+00  0.74193548E+00  0.10000000E+01 -0.96100000E+03
  0.74193548E+00  0.77419355E+00 -0.23901200E+02 -0.96100000E+03
  0.74193548E+00  0.80645161E+00  0.24025000E+03  0.97809775E+03
  0.74193548E+00  0.83870968E+00  0.14304094E+05 -0.85808984E+02
  0.74193548E+00  0.87096774E+00  0.38440000E+04  0.10000000E+01
  0.74193548E+00  0.90322581E+00 -0.15289180E+05 -0.53852621E+02
  0.74193548E+00  0.93548387E+00  0.50000000E+00  0.10000000E+01
  0.74193548E+00  0.96774194E+00 -0.14940464E+05 -0.14223270E+02
  0.74193548E+00  0.10000000E+01 -0.70773493E+02  0.24025000E+03
  0.77419355E+00  0.00000000E+00  0.10000000E+01  0.10000000E+01
  0.77419355E+00  0.32258065E-01 -0.96100000E+03  0.71618183E+04
  0.77419355E+00  0.64516129E-01 -0.96100000E+03  0.38440000E+04
  0.77419355E+00  0.96774194E-01 -0.57397802E+02 -0.12859727E+05
  0.77419355E+00  0.12903226E+00 -0.17782424E+03 -0.63206099E+02
  0.77419355E+00  0.16129032E+00 -0.96100000E+03 -0.96100000E+03
  0.77419355E+00  0.19354839E+00 -0.96100000E+03 -0.96100000E+03
  0.77419355E+00  0.22580645E+00  0.51396147E+03 -0.57652583E+02
  0.77419355E+00  0.25806452E+00 -0.96100000E+03 -0.96100000E+03
  0.77419355E+00  0.29032258E+00  0.52256103E+03 -0.57515980E+02
  0.77419355E+00  0.32258065E+00 -0.11120931E+03 -0.45877896E+03
  0.77419355E+00  0.35483871E+00  0.10000000E+01 -0.96100000E+03
  0.77419355E+00  0.38709677E+00 -0.32469405E+02 -0.96100000E+03
  0.77419355E+00  0.41935484E+00  0.24025000E+03  0.24894908E+03
  0.77419355E+00  0.45161290E+00  0.15499020E+05 -0.65490849E+02
  0.77419355E+00  0.48387097E+00  0.24025000E+03 -0.19081616E+05
  0.77419355E+00  0.51612903E+00  0.14383093E+05 -0.11388510E+03
  0.77419355E+00  0.54838710E+00  0.38440000E+04  0.10000000E+01
  0.77419355E+00  0.58064516E+00 -0.13428624E+05 -0.22416837E+02
  0.77419355E+00  0.61290323E+00 -0.68951911E+02  0.24025000E+03
  0.77419355E+00  0.64516129E+00 -0.96100000E+03  0.14858780E+05
  0.77419355E+00  0.67741935E+00 -0.96100000E+03  0.38440000E+04
  0.77419355E+00  0.70967742E+00 -0.96100000E+03  0.21292594E+05
  0.77419355E+00  0.74193548E+00 -0.96100000E+03  0.38440000E+04
  0.77419355E+00  0.77419355E+00 -0.52580982E+02 -0.15780147E+05
  0.77419355E+00  0.80645161E+00 -0.97809775E+03 -0.69502301E+02
  0.77419355E+00  0.83870968E+00 -0.96100000E+03 -0.96100000E+03
  0.77419355E+00  0.87096774E+00 -0.96100000E+03 -0.96100000E+03
  0.77419355E+00  0.90322581E+00  0.74981024E+03 -0.49435418E+02
  0.77419355E+00  0.93548387E+00  0.10000000E+01 -0.28830000E+04
  0.77419355E+00  0.96774194E+00  0.80827015E+04 -0.62123841E+02
  0.77419355E+00  0.10000000E+01 -0.89651880E+02  0.13370013E+04
  0.80645161E+00  0.00000000E+00  0.10000000E+01  0.10000000E+01
  0.80645161E+00  0.32258065E-01  0.10000000E+01 -0.96100000E+03
  0.80645161E+00  0.64516129E-01  0.14980666E+01 -0.96100000E+03
  0.80645161E+00  0.96774194E-01  0.24025000E+03  0.31452940E+03
  0.80645161E+00  0.12903226E+00  0.13964872E+05 -0.10163487E+03
  0.80645161E+00  0.16129032E+00  0.38440000E+04  0.10000000E+01
  0.80645161E+00  0.19354839E+00 -0.14957419E+05 -0.45575826E+02
  0.80645161E+00  0.22580645E+00 -0.62472417E+02  0.24025000E+03
  0.80645161E+00  0.25806452E+00 -0.75421023E+04 -0.86794672E+01
  0.80645161E+00  0.29032258E+00 -0.62609020E+02  0.24025000E+03
  0.80645161E+00  0.32258065E+00 -0.96100000E+03  0.12739455E+05
  0.80645161E+00  0.35483871E+00 -0.96100000E+03  0.38440000E+04
  0.80645161E+00  0.38709677E+00 -0.54067481E+02 -0.14532905E+05
  0.80645161E+00  0.41935484E+00 -0.24894908E+03 -0.65994877E+02
  0.80645161E+00  0.45161290E+00 -0.96100000E+03 -0.96100000E+03
  0.80645161E+00  0.48387097E+00  0.19081616E+05 -0.61597546E+01
  0.80645161E+00  0.51612903E+00 -0.96100000E+03 -0.96100000E+03
  0.80645161E+00  0.54838710E+00 -0.96100000E+03 -0.96100000E+03
  0.80645161E+00  0.58064516E+00  0.82000979E+03 -0.51565680E+02
  0.80645161E+00  0.61290323E+00 -0.87540083E+02 -0.30389624E+03
  0.80645161E+00  0.64516129E+00  0.10000000E+01 -0.96100000E+03
  0.80645161E+00  0.67741935E+00 -0.55156124E+02 -0.96100000E+03
  0.80645161E+00  0.70967742E+00  0.10000000E+01 -0.96100000E+03
  0.80645161E+00  0.74193548E+00 -0.12452209E+02 -0.96100000E+03
  0.80645161E+00  0.77419355E+00  0.24025000E+03 -0.65462392E+03
  0.80645161E+00  0.80645161E+00  0.13296554E+05 -0.92592648E+02
  0.80645161E+00  0.83870968E+00  0.38440000E+04  0.10000000E+01
  0.80645161E+00  0.87096774E+00 -0.14985246E+05 -0.45562980E+02
  0.80645161E+00  0.90322581E+00 -0.70689582E+02  0.24025000E+03
  0.80645161E+00  0.93548387E+00 -0.21686892E+05 -0.49149971E+02
  0.80645161E+00  0.96774194E+00 -0.58001159E+02  0.24025000E+03
  0.80645161E+00  0.10000000E+01 -0.96100000E+03  0.18900414E+05
  0.83870968E+00  0.00000000E+00  0.10000000E+01  0.10000000E+01
  0.83870968E+00  0.32258065E-01 -0.96100000E+03  0.38440000E+04
  0.83870968E+00  0.64516129E-01 -0.58335699E+02 -0.12168394E+05
  0.83870968E+00  0.96774194E-01 -0.31452940E+03 -0.62727198E+02
  0.83870968E+00  0.12903226E+00 -0.96100000E+03 -0.96100000E+03
  0.83870968E+00  0.16129032E+00 -0.96100000E+03 -0.96100000E+03
  0.83870968E+00  0.19354839E+00  0.14556758E+03 -0.57028856E+02
  0.83870968E+00  0.22580645E+00 -0.63193108E+02 -0.51396147E+03
  0.83870968E+00  0.25806452E+00  0.26580481E+04 -0.81653150E+02
  0.83870968E+00  0.29032258E+00 -0.11855548E+03 -0.52256103E+03
  0.83870968E+00  0.32258065E+00  0.10000000E+01 -0.96100000E+03
  0.83870968E+00  0.35483871E+00 -0.20819677E+02 -0.96100000E+03
  0.83870968E+00  0.38709677E+00  0.24025000E+03  0.15634891E+03
  0.83870968E+00  0.41935484E+00  0.14863403E+05 -0.76474327E+02
  0.83870968E+00  0.45161290E+00  0.38440000E+04  0.10000000E+01
  0.83870968E+00  0.48387097E+00  0.80917234E+04 -0.94924556E+02
  0.83870968E+00  0.51612903E+00  0.38440000E+04  0.10000000E+01
  0.83870968E+00  0.54838710E+00 -0.13375437E+05 -0.15928713E+02
  0.83870968E+00  0.58064516E+00 -0.68559320E+02  0.24025000E+03
  0.83870968E+00  0.61290323E+00 -0.96100000E+03  0.14522888E+05
  0.83870968E+00  0.64516129E+00 -0.96100000E+03  0.38440000E+04
  0.83870968E+00  0.67741935E+00 -0.52146444E+02 -0.15478883E+05
  0.83870968E+00  0.70967742E+00 -0.96100000E+03  0.38440000E+04
  0.83870968E+00  0.74193548E+00 -0.56181982E+02 -0.16134794E+05
  0.83870968E+00  0.77419355E+00  0.65462392E+03 -0.67544018E+02
  0.83870968E+00  0.80645161E+00 -0.96100000E+03 -0.96100000E+03
  0.83870968E+00  0.83870968E+00 -0.96100000E+03 -0.96100000E+03
  0.83870968E+00  0.87096774E+00  0.35099761E+03 -0.49173107E+02
  0.83870968E+00  0.90322581E+00 -0.66272379E+02 -0.74981024E+03
  0.83870968E+00  0.93548387E+00 -0.12115338E+06 -0.14937503E+03
  0.83870968E+00  0.96774194E+00 -0.10590173E+03 -0.80827015E+04
  0.83870968E+00  0.10000000E+01  0.10000000E+01 -0.96100000E+03
  0.87096774E+00  0.00000000E+00  0.10000000E+01  0.10000000E+01
  0.87096774E+00  0.32258065E-01  0.94305542E+00 -0.96100000E+03
  0.87096774E+00  0.64516129E-01  0.24025000E+03  0.20877619E+03
  0.87096774E+00  0.96774194E-01  0.12859727E+05 -0.11304417E+03
  0.87096774E+00  0.12903226E+00  0.38440000E+04  0.10000000E+01
  0.87096774E+00  0.16129032E+00 -0.14520781E+05 -0.33730467E+02
  0.87096774E+00  0.19354839E+00 -0.63096144E+02  0.24025000E+03
  0.87096774E+00  0.22580645E+00 -0.96100000E+03  0.15870276E+05
  0.87096774E+00  0.25806452E+00 -0.38471850E+02  0.24025000E+03
  0.87096774E+00  0.29032258E+00 -0.96100000E+03  0.13058392E+05
  0.87096774E+00  0.32258065E+00 -0.96100000E+03  0.38440000E+04
  0.87096774E+00  0.35483871E+00 -0.53915320E+02 -0.13887159E+05
  0.87096774E+00  0.38709677E+00 -0.15634891E+03 -0.66057519E+02
  0.87096774E+00  0.41935484E+00 -0.96100000E+03 -0.96100000E+03
  0.87096774E+00  0.45161290E+00 -0.96100000E+03 -0.96100000E+03
  0.87096774E+00  0.48387097E+00 -0.96100000E+03 -0.96100000E+03
  0.87096774E+00  0.51612903E+00 -0.96100000E+03 -0.96100000E+03
  0.87096774E+00  0.54838710E+00  0.32837211E+03 -0.53769241E+02
  0.87096774E+00  0.58064516E+00 -0.97708163E+02 -0.82000979E+03
  0.87096774E+00  0.61290323E+00  0.10000000E+01 -0.96100000E+03
  0.87096774E+00  0.64516129E+00 -0.45353199E+02 -0.96100000E+03
  0.87096774E+00  0.67741935E+00  0.24025000E+03  0.85888897E+03
  0.87096774E+00  0.70967742E+00 -0.28356795E+02 -0.96100000E+03
  0.87096774E+00  0.74193548E+00  0.24025000E+03  0.28746607E+04
  0.87096774E+00  0.77419355E+00  0.15780147E+05 -0.96223800E+02
  0.87096774E+00  0.80645161E+00  0.38440000E+04  0.10000000E+01
  0.87096774E+00  0.83870968E+00 -0.14575738E+05 -0.36629735E+02
  0.87096774E+00  0.87096774E+00 -0.70951893E+02  0.24025000E+03
  0.87096774E+00  0.90322581E+00 -0.96100000E+03  0.15289180E+05
  0.87096774E+00  0.93548387E+00  0.29250026E+02  0.24025000E+03
  0.87096774E+00  0.96774194E+00 -0.96100000E+03  0.14940464E+05
  0.87096774E+00  0.10000000E+01 -0.96100000E+03  0.38440000E+04
  0.90322581E+00  0.00000000E+00  0.10000000E+01  0.10000000E+01
  0.90322581E+00  0.32258065E-01 -0.65303602E+02 -0.93719901E+04
  0.90322581E+00  0.64516129E-01 -0.20877619E+03 -0.61789301E+02
  0.90322581E+00  0.96774194E-01 -0.96100000E+03 -0.96100000E+03
  0.90322581E+00  0.12903226E+00 -0.96100000E+03 -0.96100000E+03
  0.90322581E+00  0.16129032E+00  0.85951325E+02 -0.57040840E+02
  0.90322581E+00  0.19354839E+00 -0.74549174E+02 -0.14556758E+03
  0.90322581E+00  0.22580645E+00  0.10000000E+01 -0.96100000E+03
  0.90322581E+00  0.25806452E+00 -0.11144553E+03 -0.26580481E+04
  0.90322581E+00  0.29032258E+00  0.10000000E+01 -0.96100000E+03
  0.90322581E+00  0.32258065E+00 -0.10881183E+02 -0.96100000E+03
  0.90322581E+00  0.35483871E+00  0.24025000E+03  0.40415140E+03
  0.90322581E+00  0.38709677E+00  0.14532905E+05 -0.87655595E+02
  0.90322581E+00  0.41935484E+00  0.38440000E+04  0.10000000E+01
  0.90322581E+00  0.45161290E+00 -0.15840343E+05 -0.57100134E+02
  0.90322581E+00  0.48387097E+00  0.38440000E+04  0.10000000E+01
  0.90322581E+00  0.51612903E+00 -0.14849577E+05 -0.83488913E+01
  0.90322581E+00  0.54838710E+00 -0.66355759E+02  0.24025000E+03
  0.90322581E+00  0.58064516E+00 -0.96100000E+03  0.13428624E+05
  0.90322581E+00  0.61290323E+00 -0.96100000E+03  0.38440000E+04
  0.90322581E+00  0.64516129E+00 -0.51477402E+02 -0.14931145E+05
  0.90322581E+00  0.67741935E+00 -0.85888897E+03 -0.67978556E+02
  0.90322581E+00  0.70967742E+00 -0.13010845E+03 -0.90725479E+04
  0.90322581E+00  0.74193548E+00 -0.28746607E+04 -0.63943018E+02
  0.90322581E+00  0.77419355E+00 -0.96100000E+03 -0.96100000E+03
  0.90322581E+00  0.80645161E+00 -0.96100000E+03 -0.96100000E+03
  0.90322581E+00  0.83870968E+00  0.49593249E+03 -0.48642264E+02
  0.90322581E+00  0.87096774E+00 -0.74562020E+02 -0.35099761E+03
  0.90322581E+00  0.90322581E+00  0.10000000E+01 -0.96100000E+03
  0.90322581E+00  0.93548387E+00 -0.70975029E+02  0.12115338E+06
  0.90322581E+00  0.96774194E+00  0.10000000E+01 -0.96100000E+03
  0.90322581E+00  0.10000000E+01 -0.33789513E+02 -0.96100000E+03
  0.93548387E+00  0.00000000E+00  0.10000000E+01  0.10000000E+01
  0.93548387E+00  0.32258065E-01  0.24025000E+03  0.17567823E+04
  0.93548387E+00  0.64516129E-01  0.12168394E+05 -0.12162307E+03
  0.93548387E+00  0.96774194E-01  0.38440000E+04  0.10000000E+01
  0.93548387E+00  0.12903226E+00 -0.14140474E+05 -0.21585476E+02
  0.93548387E+00  0.16129032E+00 -0.63084160E+02  0.24025000E+03
  0.93548387E+00  0.19354839E+00 -0.96100000E+03  0.14957419E+05
  0.93548387E+00  0.22580645E+00 -0.96100000E+03  0.38440000E+04
  0.93548387E+00  0.25806452E+00 -0.96100000E+03  0.75421023E+04
  0.93548387E+00  0.29032258E+00 -0.96100000E+03  0.38440000E+04
  0.93548387E+00  0.32258065E+00 -0.55044469E+02 -0.12822001E+05
  0.93548387E+00  0.35483871E+00 -0.40415140E+03 -0.66209680E+02
  0.93548387E+00  0.38709677E+00 -0.96100000E+03 -0.96100000E+03
  0.93548387E+00  0.41935484E+00 -0.96100000E+03 -0.96100000E+03
  0.93548387E+00  0.45161290E+00  0.10133763E+04 -0.55330914E+02
  0.93548387E+00  0.48387097E+00 -0.96100000E+03 -0.96100000E+03
  0.93548387E+00  0.51612903E+00  0.66162760E+03 -0.55724605E+02
  0.93548387E+00  0.54838710E+00 -0.10419629E+03 -0.32837211E+03
  0.93548387E+00  0.58064516E+00  0.10000000E+01 -0.96100000E+03
  0.93548387E+00  0.61290323E+00 -0.35243108E+02 -0.96100000E+03
  0.93548387E+00  0.64516129E+00  0.24025000E+03  0.34514793E+03
  0.93548387E+00  0.67741935E+00  0.15478883E+05 -0.64968876E+02
  0.93548387E+00  0.70967742E+00  0.24025000E+03 -0.25376705E+05
  0.93548387E+00  0.74193548E+00  0.16134794E+05 -0.10767279E+03
  0.93548387E+00  0.77419355E+00  0.38440000E+04  0.10000000E+01
  0.93548387E+00  0.80645161E+00 -0.13366732E+05 -0.28660875E+02
  0.93548387E+00  0.83870968E+00 -0.71482736E+02  0.24025000E+03
  0.93548387E+00  0.87096774E+00 -0.96100000E+03  0.14985246E+05
  0.93548387E+00  0.90322581E+00 -0.96100000E+03  0.38440000E+04
  0.93548387E+00  0.93548387E+00 -0.96100000E+03  0.21686892E+05
  0.93548387E+00  0.96774194E+00 -0.96100000E+03  0.38440000E+04
  0.93548387E+00  0.10000000E+01 -0.50632391E+02 -0.18239285E+05
  0.96774194E+00  0.00000000E+00  0.10000000E+01  0.10000000E+01
  0.96774194E+00  0.32258065E-01 -0.17567823E+04 -0.54821398E+02
  0.96774194E+00  0.64516129E-01 -0.96100000E+03 -0.96100000E+03
  0.96774194E+00  0.96774194E-01 -0.96100000E+03 -0.96100000E+03
  0.96774194E+00  0.12903226E+00  0.13106135E+03 -0.56915863E+02
  0.96774194E+00  0.16129032E+00 -0.86394533E+02 -0.85951325E+02
  0.96774194E+00  0.19354839E+00  0.10000000E+01 -0.96100000E+03
  0.96774194E+00  0.22580645E+00 -0.59049065E+02 -0.96100000E+03
  0.96774194E+00  0.25806452E+00  0.10000000E+01 -0.96100000E+03
  0.96774194E+00  0.29032258E+00 -0.33491144E+01 -0.96100000E+03
  0.96774194E+00  0.32258065E+00  0.24025000E+03  0.55996875E+03
  0.96774194E+00  0.35483871E+00  0.13887159E+05 -0.99305323E+02
  0.96774194E+00  0.38709677E+00  0.38440000E+04  0.10000000E+01
  0.96774194E+00  0.41935484E+00 -0.14979497E+05 -0.46430667E+02
  0.96774194E+00  0.45161290E+00 -0.64794086E+02  0.24025000E+03
  0.96774194E+00  0.48387097E+00 -0.81384570E+04 -0.12148526E+02
  0.96774194E+00  0.51612903E+00 -0.64400395E+02  0.24025000E+03
  0.96774194E+00  0.54838710E+00 -0.96100000E+03  0.13375437E+05
  0.96774194E+00  0.58064516E+00 -0.96100000E+03  0.38440000E+04
  0.96774194E+00  0.61290323E+00 -0.51301591E+02 -0.14651726E+05
  0.96774194E+00  0.64516129E+00 -0.34514793E+03 -0.68647598E+02
  0.96774194E+00  0.67741935E+00 -0.96100000E+03 -0.96100000E+03
  0.96774194E+00  0.70967742E+00  0.25376705E+05  0.99834538E+01
  0.96774194E+00  0.74193548E+00 -0.96100000E+03 -0.96100000E+03
  0.96774194E+00  0.77419355E+00 -0.96100000E+03 -0.96100000E+03
  0.96774194E+00  0.80645161E+00  0.10950585E+04 -0.49756908E+02
  0.96774194E+00  0.83870968E+00 -0.83495265E+02 -0.49593249E+03
  0.96774194E+00  0.87096774E+00  0.10000000E+01 -0.96100000E+03
  0.96774194E+00  0.90322581E+00 -0.55872676E+02 -0.96100000E+03
  0.96774194E+00  0.93548387E+00  0.10000000E+01 -0.96100000E+03
  0.96774194E+00  0.96774194E+00 -0.16894285E+02 -0.96100000E+03
  0.96774194E+00  0.10000000E+01  0.24025000E+03 -0.16744228E+04
  0.10000000E+01  0.00000000E+00  0.10000000E+01  0.10000000E+01
  0.10000000E+01  0.32258065E-01  0.93719901E+04 -0.12106806E+03
  0.10000000E+01  0.64516129E-01  0.38440000E+04  0.10000000E+01
  0.10000000E+01  0.96774194E-01 -0.13158570E+05 -0.96891412E+01
  0.10000000E+01  0.12903226E+00 -0.63209137E+02  0.24025000E+03
  0.10000000E+01  0.16129032E+00 -0.96100000E+03  0.14520781E+05
  0.10000000E+01  0.19354839E+00 -0.96100000E+03  0.38440000E+04
  0.10000000E+01  0.22580645E+00 -0.58469044E+02 -0.16526617E+05
  0.10000000E+01  0.25806452E+00 -0.96100000E+03  0.38440000E+04
  0.10000000E+01  0.29032258E+00 -0.56599234E+02 -0.13063181E+05
  0.10000000E+01  0.32258065E+00 -0.55996875E+03 -0.65080531E+02
  0.10000000E+01  0.35483871E+00 -0.96100000E+03 -0.96100000E+03
  0.10000000E+01  0.38709677E+00 -0.96100000E+03 -0.96100000E+03
  0.10000000E+01  0.41935484E+00  0.28129859E+03 -0.54123805E+02
  0.10000000E+01  0.45161290E+00 -0.63024866E+02 -0.10133763E+04
  0.10000000E+01  0.48387097E+00  0.40432095E+04 -0.91486070E+02
  0.10000000E+01  0.51612903E+00 -0.11177611E+03 -0.66162760E+03
  0.10000000E+01  0.54838710E+00  0.10000000E+01 -0.96100000E+03
  0.10000000E+01  0.58064516E+00 -0.24717470E+02 -0.96100000E+03
  0.10000000E+01  0.61290323E+00  0.24025000E+03  0.24622247E+03
  0.10000000E+01  0.64516129E+00  0.14931145E+05 -0.74771801E+02
  0.10000000E+01  0.67741935E+00  0.38440000E+04  0.10000000E+01
  0.10000000E+01  0.70967742E+00  0.90725479E+04 -0.91768205E+02
  0.10000000E+01  0.74193548E+00  0.38440000E+04  0.10000000E+01
  0.10000000E+01  0.77419355E+00 -0.14853986E+05 -0.25256882E+02
  0.10000000E+01  0.80645161E+00 -0.70368092E+02  0.24025000E+03
  0.10000000E+01  0.83870968E+00 -0.96100000E+03  0.14575738E+05
  0.10000000E+01  0.87096774E+00 -0.96100000E+03  0.38440000E+04
  0.10000000E+01  0.90322581E+00 -0.49992961E+02 -0.15457409E+05
  0.10000000E+01  0.93548387E+00 -0.96100000E+03  0.38440000E+04
  0.10000000E+01  0.96774194E+00 -0.53060152E+02 -0.16868759E+05
  0.10000000E+01  0.10000000E+01  0.16744228E+04 -0.69492609E+02
