  32  32
  0.15457309E+06  0.15457309E+06
  0.00000000E+00  0.00000000E+00  0.18239285E+05 -0.86335487E+02
  0.00000000E+00  0.32258065E-01  0.38440000E+04  0.10000000E+01
  0.00000000E+00  0.64516129E-01 -0.14588406E+05 -0.41620474E+02
  0.00000000E+00  0.96774194E-01 -0.72851431E+02  0.24025000E+03
  0.00000000E+00  0.12903226E+00 -0.96100000E+03  0.15311358E+05
  0.00000000E+00  0.16129032E+00  0.42655342E+02  0.24025000E+03
  0.00000000E+00  0.19354839E+00 -0.96100000E+03  0.13519302E+05
  0.00000000E+00  0.22580645E+00 -0.96100000E+03  0.38440000E+04
  0.00000000E+00  0.25806452E+00 -0.50622501E+02 -0.15349942E+05
  0.00000000E+00  0.29032258E+00 -0.13521905E+04 -0.74825492E+02
  0.00000000E+00  0.32258065E+00 -0.96100000E+03 -0.96100000E+03
  0.00000000E+00  0.35483871E+00 -0.96100000E+03 -0.96100000E+03
  0.00000000E+00  0.38709677E+00  0.10000000E+01  0.10000000E+01
  0.00000000E+00  0.41935484E+00 -0.96100000E+03 -0.96100000E+03
  0.00000000E+00  0.45161290E+00 -0.72248541E+02 -0.37292699E+02
  0.00000000E+00  0.48387097E+00 -0.61847497E+02  0.27234536E+04
  0.00000000E+00  0.51612903E+00  0.10000000E+01 -0.96100000E+03
  0.00000000E+00  0.54838710E+00 -0.55932368E+02 -0.96100000E+03
  0.00000000E+00  0.58064516E+00  0.24025000E+03  0.72133100E+03
  0.00000000E+00  0.61290323E+00  0.15679459E+05 -0.60278040E+02
  0.00000000E+00  0.64516129E+00  0.24025000E+03  0.15531779E+05
  0.00000000E+00  0.67741935E+00  0.10057744E+05 -0.89767461E+02
  0.00000000E+00  0.70967742E+00  0.38440000E+04  0.10000000E+01
  0.00000000E+00  0.74193548E+00 -0.15299916E+05 -0.62988936E+02
  0.00000000E+00  0.77419355E+00 -0.76183903E+02  0.24025000E+03
  0.00000000E+00  0.80645161E+00 -0.96100000E+03  0.15540252E+05
  0.00000000E+00  0.83870968E+00 -0.96100000E+03  0.38440000E+04
  0.00000000E+00  0.87096774E+00 -0.96100000E+03  0.66203681E+04
  0.00000000E+00  0.90322581E+00 -0.96100000E+03  0.38440000E+04
  0.00000000E+00  0.93548387E+00 -0.41584269E+02 -0.18314422E+05
  0.00000000E+00  0.96774194E+00  0.10184771E+04 -0.68441425E+02
  0.00000000E+00  0.10000000E+01 -0.96100000E+03 -0.96100000E+03
  0.32258065E-01  0.00000000E+00 -0.96100000E+03 -0.96100000E+03
  0.32258065E-01  0.32258065E-01 -0.96100000E+03 -0.96100000E+03
  0.32258065E-01  0.64516129E-01  0.76386394E+03 -0.46529802E+02
  0.32258065E-01  0.96774194E-01 -0.71297182E+02 -0.38458300E+03
  0.32258065E-01  0.12903226E+00  0.10000000E+01 -0.96100000E+03
  0.32258065E-01  0.16129032E+00 -0.68925403E+02  0.13639410E+06
  0.32258065E-01  0.19354839E+00  0.10000000E+01 -0.96100000E+03
  0.32258065E-01  0.22580645E+00 -0.42156960E+02 -0.96100000E+03
  0.32258065E-01  0.25806452E+00  0.24025000E+03 -0.11023540E+03
  0.32258065E-01  0.29032258E+00  0.14284481E+05 -0.73713014E+02
  0.32258065E-01  0.32258065E+00  0.38440000E+04  0.10000000E+01
  0.32258065E-01  0.35483871E+00 -0.15349097E+05 -0.56774140E+02
  0.32258065E-01  0.38709677E+00  0.50000000E+00  0.10000000E+01
  0.32258065E-01  0.41935484E+00 -0.97669347E+04 -0.15458393E+02
  0.32258065E-01  0.45161290E+00 -0.82832301E+02  0.24025000E+03
  0.32258065E-01  0.48387097E+00 -0.96100000E+03  0.18582552E+05
  0.32258065E-01  0.51612903E+00 -0.96100000E+03  0.38440000E+04
  0.32258065E-01  0.54838710E+00 -0.44666674E+02 -0.15354895E+05
  0.32258065E-01  0.58064516E+00 -0.72133100E+03 -0.74809149E+02
  0.32258065E-01  0.61290323E+00 -0.96100000E+03 -0.96100000E+03
  0.32258065E-01  0.64516129E+00 -0.15531779E+05 -0.26915517E+02
  0.32258065E-01  0.67741935E+00 -0.96100000E+03 -0.96100000E+03
  0.32258065E-01  0.70967742E+00 -0.96100000E+03 -0.96100000E+03
  0.32258065E-01  0.74193548E+00  0.10534258E+04 -0.47418194E+02
  0.32258065E-01  0.77419355E+00 -0.59444397E+02 -0.94403719E+03
  0.32258065E-01  0.80645161E+00  0.10000000E+01 -0.96100000E+03
  0.32258065E-01  0.83870968E+00 -0.60064188E+02 -0.96100000E+03
  0.32258065E-01  0.87096774E+00  0.10000000E+01 -0.96100000E+03
  0.32258065E-01  0.90322581E+00 -0.33909590E+02 -0.96100000E+03
  0.32258065E-01  0.93548387E+00  0.24025000E+03 -0.29237399E+04
  0.32258065E-01  0.96774194E+00  0.17105741E+05 -0.46490784E+02
  0.32258065E-01  0.10000000E+01  0.38440000E+04  0.10000000E+01
  0.64516129E-01  0.00000000E+00  0.38440000E+04  0.10000000E+01
  0.64516129E-01  0.32258065E-01 -0.13651799E+05 -0.36706437E+02
  0.64516129E-01  0.64516129E-01 -0.73595198E+02  0.24025000E+03
  0.64516129E-01  0.96774194E-01 -0.96100000E+03  0.15131684E+05
  0.64516129E-01  0.12903226E+00 -0.96100000E+03  0.38440000E+04
  0.64516129E-01  0.16129032E+00 -0.96100000E+03  0.22057897E+05
  0.64516129E-01  0.19354839E+00 -0.96100000E+03  0.38440000E+04
  0.64516129E-01  0.22580645E+00 -0.47277783E+02 -0.20043091E+05
  0.64516129E-01  0.25806452E+00  0.11023540E+03 -0.69502499E+02
  0.64516129E-01  0.29032258E+00 -0.96100000E+03 -0.96100000E+03
  0.64516129E-01  0.32258065E+00 -0.96100000E+03 -0.96100000E+03
  0.64516129E-01  0.35483871E+00  0.95813679E+03 -0.46294588E+02
  0.64516129E-01  0.38709677E+00  0.10000000E+01 -0.28830000E+04
  0.64516129E-01  0.41935484E+00  0.12012809E+05 -0.60612513E+02
  0.64516129E-01  0.45161290E+00 -0.80539833E+02  0.72248541E+02
  0.64516129E-01  0.48387097E+00  0.10000000E+01 -0.96100000E+03
  0.64516129E-01  0.51612903E+00 -0.53816476E+02 -0.96100000E+03
  0.64516129E-01  0.54838710E+00  0.24025000E+03  0.53326460E+03
  0.64516129E-01  0.58064516E+00  0.15401417E+05 -0.62072083E+02
  0.64516129E-01  0.61290323E+00  0.38440000E+04  0.10000000E+01
  0.64516129E-01  0.64516129E+00  0.50885542E+04 -0.98431416E+02
  0.64516129E-01  0.67741935E+00  0.38440000E+04  0.10000000E+01
  0.64516129E-01  0.70967742E+00 -0.19651659E+05 -0.67330573E+02
  0.64516129E-01  0.74193548E+00 -0.72706806E+02  0.24025000E+03
  0.64516129E-01  0.77419355E+00 -0.96100000E+03  0.15316599E+05
  0.64516129E-01  0.80645161E+00 -0.96100000E+03  0.38440000E+04
  0.64516129E-01  0.83870968E+00 -0.51791721E+02 -0.15462079E+05
  0.64516129E-01  0.87096774E+00 -0.96100000E+03  0.38440000E+04
  0.64516129E-01  0.90322581E+00 -0.16544700E+02 -0.44067167E+04
  0.64516129E-01  0.93548387E+00  0.29237399E+04 -0.78540731E+02
  0.64516129E-01  0.96774194E+00 -0.96100000E+03 -0.96100000E+03
  0.64516129E-01  0.10000000E+01 -0.96100000E+03 -0.96100000E+03
  0.96774194E-01  0.00000000E+00 -0.96100000E+03 -0.96100000E+03
  0.96774194E-01  0.32258065E-01  0.11500134E+04 -0.48890316E+02
  0.96774194E-01  0.64516129E-01 -0.78504526E+02 -0.76386394E+03
  0.96774194E-01  0.96774194E-01  0.10000000E+01 -0.96100000E+03
  0.96774194E-01  0.12903226E+00 -0.56765632E+02 -0.96100000E+03
  0.96774194E-01  0.16129032E+00  0.10000000E+01 -0.96100000E+03
  0.96774194E-01  0.19354839E+00 -0.18261356E+02 -0.96100000E+03
  0.96774194E-01  0.22580645E+00  0.24025000E+03 -0.24377931E+04
  0.96774194E-01  0.25806452E+00  0.15349942E+05 -0.73099677E+02
  0.96774194E-01  0.29032258E+00  0.38440000E+04  0.10000000E+01
  0.96774194E-01  0.32258065E+00 -0.15281704E+05 -0.52543096E+02
  0.96774194E-01  0.35483871E+00 -0.73830412E+02  0.24025000E+03
  0.96774194E-01  0.38709677E+00 -0.22545953E+05 -0.53754815E+02
  0.96774194E-01  0.41935484E+00 -0.59512487E+02  0.24025000E+03
  0.96774194E-01  0.45161290E+00 -0.96100000E+03  0.18070326E+05
  0.96774194E-01  0.48387097E+00 -0.96100000E+03  0.38440000E+04
  0.96774194E-01  0.51612903E+00 -0.44913129E+02 -0.14502249E+05
  0.96774194E-01  0.54838710E+00 -0.53326460E+03 -0.75458326E+02
  0.96774194E-01  0.58064516E+00 -0.96100000E+03 -0.96100000E+03
  0.96774194E-01  0.61290323E+00 -0.96100000E+03 -0.96100000E+03
  0.96774194E-01  0.64516129E+00 -0.96100000E+03 -0.96100000E+03
  0.96774194E-01  0.67741935E+00 -0.96100000E+03 -0.96100000E+03
  0.96774194E-01  0.70967742E+00 -0.39320435E+04 -0.50882750E+02
  0.96774194E-01  0.74193548E+00 -0.57136064E+02 -0.10534258E+04
  0.96774194E-01  0.77419355E+00  0.10000000E+01 -0.96100000E+03
  0.96774194E-01  0.80645161E+00 -0.60470434E+02 -0.96100000E+03
  0.96774194E-01  0.83870968E+00  0.24025000E+03  0.56240077E+04
  0.96774194E-01  0.87096774E+00 -0.30956194E+02 -0.96100000E+03
  0.96774194E-01  0.90322581E+00  0.24025000E+03  0.90867824E+04
  0.96774194E-01  0.93548387E+00  0.18314422E+05 -0.49798182E+02
  0.96774194E-01  0.96774194E+00  0.38440000E+04  0.10000000E+01
  0.96774194E-01  0.10000000E+01 -0.15484830E+05 -0.66240867E+02
  0.12903226E+00  0.00000000E+00 -0.17117245E+05 -0.35776319E+02
  0.12903226E+00  0.32258065E-01 -0.71234684E+02  0.24025000E+03
  0.12903226E+00  0.64516129E-01 -0.96100000E+03  0.14588406E+05
  0.12903226E+00  0.96774194E-01 -0.96100000E+03  0.38440000E+04
  0.12903226E+00  0.12903226E+00 -0.48238418E+02 -0.15439569E+05
  0.12903226E+00  0.16129032E+00 -0.96100000E+03  0.38440000E+04
  0.12903226E+00  0.19354839E+00 -0.49189254E+02 -0.15341751E+05
  0.12903226E+00  0.22580645E+00  0.24377931E+04 -0.72847217E+02
  0.12903226E+00  0.25806452E+00 -0.96100000E+03 -0.96100000E+03
  0.12903226E+00  0.29032258E+00 -0.96100000E+03 -0.96100000E+03
  0.12903226E+00  0.32258065E+00  0.41097449E+03 -0.45855173E+02
  0.12903226E+00  0.35483871E+00 -0.63350860E+02 -0.95813679E+03
  0.12903226E+00  0.38709677E+00 -0.14793437E+06 -0.17443046E+03
  0.12903226E+00  0.41935484E+00 -0.10466661E+03 -0.12012809E+05
  0.12903226E+00  0.45161290E+00  0.10000000E+01 -0.96100000E+03
  0.12903226E+00  0.48387097E+00 -0.57774100E+02 -0.96100000E+03
  0.12903226E+00  0.51612903E+00  0.24025000E+03  0.15622449E+04
  0.12903226E+00  0.54838710E+00  0.15354895E+05 -0.64192632E+02
  0.12903226E+00  0.58064516E+00  0.38440000E+04  0.10000000E+01
  0.12903226E+00  0.61290323E+00 -0.28830000E+04  0.50000000E+00
  0.12903226E+00  0.64516129E+00  0.38440000E+04  0.10000000E+01
  0.12903226E+00  0.67741935E+00 -0.13627624E+05 -0.40611019E+02
  0.12903226E+00  0.70967742E+00 -0.69242250E+02  0.24025000E+03
  0.12903226E+00  0.74193548E+00 -0.96100000E+03  0.15299916E+05
  0.12903226E+00  0.77419355E+00 -0.96100000E+03  0.38440000E+04
  0.12903226E+00  0.80645161E+00 -0.45166408E+02 -0.15501472E+05
  0.12903226E+00  0.83870968E+00 -0.56240077E+04 -0.68333279E+02
  0.12903226E+00  0.87096774E+00 -0.10176618E+03 -0.14810820E+04
  0.12903226E+00  0.90322581E+00 -0.90867824E+04 -0.10358030E+03
  0.12903226E+00  0.93548387E+00 -0.96100000E+03 -0.96100000E+03
  0.12903226E+00  0.96774194E+00 -0.96100000E+03 -0.96100000E+03
  0.12903226E+00  0.10000000E+01  0.10987122E+04 -0.44291311E+02
  0.16129032E+00  0.00000000E+00 -0.14061491E+04 -0.51576915E+02
  0.16129032E+00  0.32258065E-01 -0.83418563E+02 -0.11500134E+04
  0.16129032E+00  0.64516129E-01  0.10000000E+01 -0.96100000E+03
  0.16129032E+00  0.96774194E-01 -0.50453196E+02 -0.96100000E+03
  0.16129032E+00  0.12903226E+00  0.24025000E+03  0.13005762E+04
  0.16129032E+00  0.16129032E+00 -0.35007069E+02 -0.96100000E+03
  0.16129032E+00  0.19354839E+00  0.24025000E+03  0.61250432E+04
  0.16129032E+00  0.22580645E+00  0.20043091E+05 -0.77968040E+02
  0.16129032E+00  0.25806452E+00  0.38440000E+04  0.10000000E+01
  0.16129032E+00  0.29032258E+00 -0.14602731E+05 -0.47454674E+02
  0.16129032E+00  0.32258065E+00 -0.74269827E+02  0.24025000E+03
  0.16129032E+00  0.35483871E+00 -0.96100000E+03  0.15349097E+05
  0.16129032E+00  0.38709677E+00  0.54305458E+02  0.24025000E+03
  0.16129032E+00  0.41935484E+00 -0.96100000E+03  0.97669347E+04
  0.16129032E+00  0.45161290E+00 -0.96100000E+03  0.38440000E+04
  0.16129032E+00  0.48387097E+00 -0.51606832E+02 -0.17090549E+05
  0.16129032E+00  0.51612903E+00 -0.15622449E+04 -0.75211871E+02
  0.16129032E+00  0.54838710E+00 -0.96100000E+03 -0.96100000E+03
  0.16129032E+00  0.58064516E+00 -0.96100000E+03 -0.96100000E+03
  0.16129032E+00  0.61290323E+00  0.10000000E+01  0.10000000E+01
  0.16129032E+00  0.64516129E+00 -0.96100000E+03 -0.96100000E+03
  0.16129032E+00  0.67741935E+00  0.27666587E+04 -0.27657781E+02
  0.16129032E+00  0.70967742E+00 -0.52794427E+02  0.39320435E+04
  0.16129032E+00  0.74193548E+00  0.10000000E+01 -0.96100000E+03
  0.16129032E+00  0.77419355E+00 -0.60737027E+02 -0.96100000E+03
  0.16129032E+00  0.80645161E+00  0.24025000E+03  0.69716940E+03
  0.16129032E+00  0.83870968E+00  0.15462079E+05 -0.60060812E+02
  0.16129032E+00  0.87096774E+00  0.24025000E+03  0.13033432E+05
  0.16129032E+00  0.90322581E+00  0.44067167E+04 -0.86215410E+02
  0.16129032E+00  0.93548387E+00  0.38440000E+04  0.10000000E+01
  0.16129032E+00  0.96774194E+00 -0.16201332E+05 -0.71562840E+02
  0.16129032E+00  0.10000000E+01 -0.75833689E+02  0.24025000E+03
  0.19354839E+00  0.00000000E+00 -0.68548085E+02  0.24025000E+03
  0.19354839E+00  0.32258065E-01 -0.96100000E+03  0.13651799E+05
  0.19354839E+00  0.64516129E-01 -0.96100000E+03  0.38440000E+04
  0.19354839E+00  0.96774194E-01 -0.47319247E+02 -0.15153476E+05
  0.19354839E+00  0.12903226E+00 -0.13005762E+04 -0.71886582E+02
  0.19354839E+00  0.16129032E+00 -0.15962823E+03 -0.10991811E+05
  0.19354839E+00  0.19354839E+00 -0.61250432E+04 -0.70935746E+02
  0.19354839E+00  0.22580645E+00 -0.96100000E+03 -0.96100000E+03
  0.19354839E+00  0.25806452E+00 -0.96100000E+03 -0.96100000E+03
  0.19354839E+00  0.29032258E+00  0.10826025E+04 -0.44998420E+02
  0.19354839E+00  0.32258065E+00 -0.67581904E+02 -0.41097449E+03
  0.19354839E+00  0.35483871E+00  0.10000000E+01 -0.96100000E+03
  0.19354839E+00  0.38709677E+00 -0.66370185E+02  0.14793437E+06
  0.19354839E+00  0.41935484E+00  0.10000000E+01 -0.96100000E+03
  0.19354839E+00  0.45161290E+00 -0.47631209E+02 -0.96100000E+03
  0.19354839E+00  0.48387097E+00  0.24025000E+03 -0.14466997E+04
  0.19354839E+00  0.51612903E+00  0.14502249E+05 -0.66308524E+02
  0.19354839E+00  0.54838710E+00  0.38440000E+04  0.10000000E+01
  0.19354839E+00  0.58064516E+00 -0.15401650E+05 -0.58500777E+02
  0.19354839E+00  0.61290323E+00  0.50000000E+00  0.10000000E+01
  0.19354839E+00  0.64516129E+00 -0.44233014E+04 -0.16679347E+02
  0.19354839E+00  0.67741935E+00 -0.92467219E+02  0.24025000E+03
  0.19354839E+00  0.70967742E+00 -0.96100000E+03  0.19651659E+05
  0.19354839E+00  0.74193548E+00 -0.96100000E+03  0.38440000E+04
  0.19354839E+00  0.77419355E+00 -0.44293413E+02 -0.15470350E+05
  0.19354839E+00  0.80645161E+00 -0.69716940E+03 -0.74958592E+02
  0.19354839E+00  0.83870968E+00 -0.96100000E+03 -0.96100000E+03
  0.19354839E+00  0.87096774E+00 -0.13033432E+05 -0.18358823E+02
  0.19354839E+00  0.90322581E+00 -0.96100000E+03 -0.96100000E+03
  0.19354839E+00  0.93548387E+00 -0.96100000E+03 -0.96100000E+03
  0.19354839E+00  0.96774194E+00  0.36193562E+03 -0.49257490E+02
  0.19354839E+00  0.10000000E+01 -0.53884133E+02 -0.10987122E+04
  0.22580645E+00  0.00000000E+00 -0.84348681E+02  0.14061491E+04
  0.22580645E+00  0.32258065E-01  0.10000000E+01 -0.96100000E+03
  0.22580645E+00  0.64516129E-01 -0.43494961E+02 -0.96100000E+03
  0.22580645E+00  0.96774194E-01  0.24025000E+03  0.44939816E+03
  0.22580645E+00  0.12903226E+00  0.15439569E+05 -0.63359368E+02
  0.22580645E+00  0.16129032E+00  0.24025000E+03 -0.37727578E+05
  0.22580645E+00  0.19354839E+00  0.15341751E+05 -0.10186364E+03
  0.22580645E+00  0.22580645E+00  0.38440000E+04  0.10000000E+01
  0.22580645E+00  0.25806452E+00 -0.14476504E+05 -0.46217334E+02
  0.22580645E+00  0.29032258E+00 -0.75126580E+02  0.24025000E+03
  0.22580645E+00  0.32258065E+00 -0.96100000E+03  0.15281704E+05
  0.22580645E+00  0.35483871E+00 -0.96100000E+03  0.38440000E+04
  0.22580645E+00  0.38709677E+00 -0.96100000E+03  0.22545953E+05
  0.22580645E+00  0.41935484E+00 -0.96100000E+03  0.38440000E+04
  0.22580645E+00  0.45161290E+00 -0.41565791E+02 -0.19761392E+05
  0.22580645E+00  0.48387097E+00  0.14466997E+04 -0.68518168E+02
  0.22580645E+00  0.51612903E+00 -0.96100000E+03 -0.96100000E+03
  0.22580645E+00  0.54838710E+00 -0.96100000E+03 -0.96100000E+03
  0.22580645E+00  0.58064516E+00  0.99551876E+03 -0.45542459E+02
  0.22580645E+00  0.61290323E+00  0.10000000E+01 -0.28830000E+04
  0.22580645E+00  0.64516129E+00  0.12519870E+05 -0.62045013E+02
  0.22580645E+00  0.67741935E+00 -0.79513981E+02 -0.27666587E+04
  0.22580645E+00  0.70967742E+00  0.10000000E+01 -0.96100000E+03
  0.22580645E+00  0.74193548E+00 -0.61726062E+02 -0.96100000E+03
  0.22580645E+00  0.77419355E+00  0.24025000E+03  0.65289306E+03
  0.22580645E+00  0.80645161E+00  0.15501472E+05 -0.59654566E+02
  0.22580645E+00  0.83870968E+00  0.38440000E+04  0.10000000E+01
  0.22580645E+00  0.87096774E+00  0.14810820E+04 -0.89168806E+02
  0.22580645E+00  0.90322581E+00  0.38440000E+04  0.10000000E+01
  0.22580645E+00  0.93548387E+00 -0.19268036E+05 -0.74443894E+02
  0.22580645E+00  0.96774194E+00 -0.70867510E+02  0.24025000E+03
  0.22580645E+00  0.10000000E+01 -0.96100000E+03  0.15484830E+05
  0.25806452E+00  0.00000000E+00 -0.96100000E+03  0.17117245E+05
  0.25806452E+00  0.32258065E-01 -0.96100000E+03  0.38440000E+04
  0.25806452E+00  0.64516129E-01 -0.46696114E+02 -0.14844425E+05
  0.25806452E+00  0.96774194E-01 -0.44939816E+03 -0.72805753E+02
  0.25806452E+00  0.12903226E+00 -0.96100000E+03 -0.96100000E+03
  0.25806452E+00  0.16129032E+00  0.37727578E+05  0.39503234E+02
  0.25806452E+00  0.19354839E+00 -0.96100000E+03 -0.96100000E+03
  0.25806452E+00  0.22580645E+00 -0.96100000E+03 -0.96100000E+03
  0.25806452E+00  0.25806452E+00  0.77463172E+03 -0.49085139E+02
  0.25806452E+00  0.29032258E+00 -0.72670326E+02 -0.10826025E+04
  0.25806452E+00  0.32258065E+00  0.10000000E+01 -0.96100000E+03
  0.25806452E+00  0.35483871E+00 -0.57807817E+02 -0.96100000E+03
  0.25806452E+00  0.38709677E+00  0.10000000E+01 -0.96100000E+03
  0.25806452E+00  0.41935484E+00 -0.17163631E+02 -0.96100000E+03
  0.25806452E+00  0.45161290E+00  0.24025000E+03 -0.21303949E+04
  0.25806452E+00  0.48387097E+00  0.17090549E+05 -0.62350900E+02
  0.25806452E+00  0.51612903E+00  0.38440000E+04  0.10000000E+01
  0.25806452E+00  0.54838710E+00 -0.15422366E+05 -0.56571056E+02
  0.25806452E+00  0.58064516E+00 -0.74582541E+02  0.24025000E+03
  0.25806452E+00  0.61290323E+00 -0.23162764E+05 -0.57303926E+02
  0.25806452E+00  0.64516129E+00 -0.58079987E+02  0.24025000E+03
  0.25806452E+00  0.67741935E+00 -0.96100000E+03  0.13627624E+05
  0.25806452E+00  0.70967742E+00 -0.96100000E+03  0.38440000E+04
  0.25806452E+00  0.74193548E+00 -0.45482179E+02 -0.14970660E+05
  0.25806452E+00  0.77419355E+00 -0.65289306E+03 -0.75831587E+02
  0.25806452E+00  0.80645161E+00 -0.96100000E+03 -0.96100000E+03
  0.25806452E+00  0.83870968E+00 -0.96100000E+03 -0.96100000E+03
  0.25806452E+00  0.87096774E+00 -0.96100000E+03 -0.96100000E+03
  0.25806452E+00  0.90322581E+00 -0.96100000E+03 -0.96100000E+03
  0.25806452E+00  0.93548387E+00 -0.41546835E+04 -0.48639282E+02
  0.25806452E+00  0.96774194E+00 -0.48562160E+02 -0.36193562E+03
  0.25806452E+00  0.10000000E+01  0.10000000E+01 -0.96100000E+03
  0.29032258E+00  0.00000000E+00  0.10000000E+01 -0.96100000E+03
  0.29032258E+00  0.32258065E-01 -0.37271257E+02 -0.96100000E+03
  0.29032258E+00  0.64516129E-01  0.24025000E+03  0.54845676E+03
  0.29032258E+00  0.96774194E-01  0.15153476E+05 -0.69671804E+02
  0.29032258E+00  0.12903226E+00  0.38440000E+04  0.10000000E+01
  0.29032258E+00  0.16129032E+00  0.10991811E+05 -0.85117931E+02
  0.29032258E+00  0.19354839E+00  0.38440000E+04  0.10000000E+01
  0.29032258E+00  0.22580645E+00 -0.19380746E+05 -0.45773127E+02
  0.29032258E+00  0.25806452E+00 -0.71039861E+02  0.24025000E+03
  0.29032258E+00  0.29032258E+00 -0.96100000E+03  0.14602731E+05
  0.29032258E+00  0.32258065E+00 -0.96100000E+03  0.38440000E+04
  0.29032258E+00  0.35483871E+00 -0.46958491E+02 -0.15429607E+05
  0.29032258E+00  0.38709677E+00 -0.96100000E+03  0.38440000E+04
  0.29032258E+00  0.41935484E+00 -0.45223958E+02 -0.11047732E+05
  0.29032258E+00  0.45161290E+00  0.21303949E+04 -0.78559209E+02
  0.29032258E+00  0.48387097E+00 -0.96100000E+03 -0.96100000E+03
  0.29032258E+00  0.51612903E+00 -0.96100000E+03 -0.96100000E+03
  0.29032258E+00  0.54838710E+00  0.44367559E+03 -0.44970741E+02
  0.29032258E+00  0.58064516E+00 -0.61624223E+02 -0.99551876E+03
  0.29032258E+00  0.61290323E+00 -0.15457309E+06 -0.18372150E+03
  0.29032258E+00  0.64516129E+00 -0.10344565E+03 -0.12519870E+05
  0.29032258E+00  0.67741935E+00  0.10000000E+01 -0.96100000E+03
  0.29032258E+00  0.70967742E+00 -0.67663925E+02 -0.96100000E+03
  0.29032258E+00  0.74193548E+00  0.24025000E+03  0.15307809E+04
  0.29032258E+00  0.77419355E+00  0.15470350E+05 -0.59387973E+02
  0.29032258E+00  0.80645161E+00  0.38440000E+04  0.10000000E+01
  0.29032258E+00  0.83870968E+00 -0.28830000E+04  0.50000000E+00
  0.29032258E+00  0.87096774E+00  0.38440000E+04  0.10000000E+01
  0.29032258E+00  0.90322581E+00 -0.84052951E+04 -0.43750053E+02
  0.29032258E+00  0.93548387E+00 -0.71485718E+02  0.24025000E+03
  0.29032258E+00  0.96774194E+00 -0.96100000E+03  0.16201332E+05
  0.29032258E+00  0.10000000E+01 -0.96100000E+03  0.38440000E+04
  0.32258065E+00  0.00000000E+00 -0.96100000E+03  0.38440000E+04
  0.32258065E+00  0.32258065E-01 -0.47758252E+02 -0.13668497E+05
  0.32258065E+00  0.64516129E-01 -0.54845676E+03 -0.73428886E+02
  0.32258065E+00  0.96774194E-01 -0.96100000E+03 -0.96100000E+03
  0.32258065E+00  0.12903226E+00 -0.96100000E+03 -0.96100000E+03
  0.32258065E+00  0.16129032E+00 -0.96100000E+03 -0.96100000E+03
  0.32258065E+00  0.19354839E+00 -0.96100000E+03 -0.96100000E+03
  0.32258065E+00  0.22580645E+00 -0.26760768E+04 -0.49804507E+02
  0.32258065E+00  0.25806452E+00 -0.73907666E+02 -0.77463172E+03
  0.32258065E+00  0.29032258E+00  0.10000000E+01 -0.96100000E+03
  0.32258065E+00  0.32258065E+00 -0.53651747E+02 -0.96100000E+03
  0.32258065E+00  0.35483871E+00  0.24025000E+03  0.14482873E+04
  0.32258065E+00  0.38709677E+00 -0.39121339E+02 -0.96100000E+03
  0.32258065E+00  0.41935484E+00  0.24025000E+03  0.79563669E+04
  0.32258065E+00  0.45161290E+00  0.19761392E+05 -0.72493791E+02
  0.32258065E+00  0.48387097E+00  0.38440000E+04  0.10000000E+01
  0.32258065E+00  0.51612903E+00 -0.14701444E+05 -0.53991713E+02
  0.32258065E+00  0.54838710E+00 -0.75154259E+02  0.24025000E+03
  0.32258065E+00  0.58064516E+00 -0.96100000E+03  0.15401650E+05
  0.32258065E+00  0.61290323E+00  0.63596504E+02  0.24025000E+03
  0.32258065E+00  0.64516129E+00 -0.96100000E+03  0.44233014E+04
  0.32258065E+00  0.67741935E+00 -0.96100000E+03  0.38440000E+04
  0.32258065E+00  0.70967742E+00 -0.52425453E+02 -0.18547205E+05
  0.32258065E+00  0.74193548E+00 -0.15307809E+04 -0.74642821E+02
  0.32258065E+00  0.77419355E+00 -0.96100000E+03 -0.96100000E+03
  0.32258065E+00  0.80645161E+00 -0.96100000E+03 -0.96100000E+03
  0.32258065E+00  0.83870968E+00  0.10000000E+01  0.10000000E+01
  0.32258065E+00  0.87096774E+00 -0.96100000E+03 -0.96100000E+03
  0.32258065E+00  0.90322581E+00  0.67303403E+04 -0.16950560E+02
  0.32258065E+00  0.93548387E+00 -0.45681106E+02  0.41546835E+04
  0.32258065E+00  0.96774194E+00  0.10000000E+01 -0.96100000E+03
  0.32258065E+00  0.10000000E+01 -0.65597466E+02 -0.96100000E+03
  0.35483871E+00  0.00000000E+00 -0.36602878E+02 -0.96100000E+03
  0.35483871E+00  0.32258065E-01  0.24025000E+03  0.13057966E+04
  0.35483871E+00  0.64516129E-01  0.14844425E+05 -0.76630039E+02
  0.35483871E+00  0.96774194E-01  0.38440000E+04  0.10000000E+01
  0.35483871E+00  0.12903226E+00 -0.15659263E+05 -0.58239694E+02
  0.35483871E+00  0.16129032E+00  0.38440000E+04  0.10000000E+01
  0.35483871E+00  0.19354839E+00 -0.17152325E+05 -0.23494186E+02
  0.35483871E+00  0.22580645E+00 -0.70320493E+02  0.24025000E+03
  0.35483871E+00  0.25806452E+00 -0.96100000E+03  0.14476504E+05
  0.35483871E+00  0.29032258E+00 -0.96100000E+03  0.38440000E+04
  0.35483871E+00  0.32258065E+00 -0.45963026E+02 -0.15292051E+05
  0.35483871E+00  0.35483871E+00 -0.14482873E+04 -0.73166509E+02
  0.35483871E+00  0.38709677E+00 -0.17365096E+03 -0.11983091E+05
  0.35483871E+00  0.41935484E+00 -0.79563669E+04 -0.74901042E+02
  0.35483871E+00  0.45161290E+00 -0.96100000E+03 -0.96100000E+03
  0.35483871E+00  0.48387097E+00 -0.96100000E+03 -0.96100000E+03
  0.35483871E+00  0.51612903E+00  0.13781146E+04 -0.44213585E+02
  0.35483871E+00  0.54838710E+00 -0.63553944E+02 -0.44367559E+03
  0.35483871E+00  0.58064516E+00  0.10000000E+01 -0.96100000E+03
  0.35483871E+00  0.61290323E+00 -0.62821074E+02  0.15457309E+06
  0.35483871E+00  0.64516129E+00  0.10000000E+01 -0.96100000E+03
  0.35483871E+00  0.67741935E+00 -0.50699679E+02 -0.96100000E+03
  0.35483871E+00  0.70967742E+00  0.24025000E+03 -0.29036001E+04
  0.35483871E+00  0.74193548E+00  0.14970660E+05 -0.58398938E+02
  0.35483871E+00  0.77419355E+00  0.38440000E+04  0.10000000E+01
  0.35483871E+00  0.80645161E+00 -0.15465518E+05 -0.60315748E+02
  0.35483871E+00  0.83870968E+00  0.50000000E+00  0.10000000E+01
  0.35483871E+00  0.87096774E+00  0.54251183E+03 -0.24205759E+02
  0.35483871E+00  0.90322581E+00 -0.10317444E+03  0.24025000E+03
  0.35483871E+00  0.93548387E+00 -0.96100000E+03  0.19268036E+05
  0.35483871E+00  0.96774194E+00 -0.96100000E+03  0.38440000E+04
  0.35483871E+00  0.10000000E+01 -0.44578751E+02 -0.15599823E+05
  0.38709677E+00  0.00000000E+00 -0.51789675E+02 -0.15848974E+05
  0.38709677E+00  0.32258065E-01 -0.13057966E+04 -0.72366748E+02
  0.38709677E+00  0.64516129E-01 -0.96100000E+03 -0.96100000E+03
  0.38709677E+00  0.96774194E-01 -0.96100000E+03 -0.96100000E+03
  0.38709677E+00  0.12903226E+00  0.22652038E+04 -0.49745069E+02
  0.38709677E+00  0.16129032E+00 -0.96100000E+03 -0.96100000E+03
  0.38709677E+00  0.19354839E+00  0.29331151E+04 -0.43936207E+02
  0.38709677E+00  0.22580645E+00 -0.74351873E+02  0.26760768E+04
  0.38709677E+00  0.25806452E+00  0.10000000E+01 -0.96100000E+03
  0.38709677E+00  0.29032258E+00 -0.48728204E+02 -0.96100000E+03
  0.38709677E+00  0.32258065E+00  0.24025000E+03  0.46254544E+03
  0.38709677E+00  0.35483871E+00  0.15429607E+05 -0.62317183E+02
  0.38709677E+00  0.38709677E+00  0.24025000E+03 -0.44290532E+05
  0.38709677E+00  0.41935484E+00  0.11047732E+05 -0.10296137E+03
  0.38709677E+00  0.45161290E+00  0.38440000E+04  0.10000000E+01
  0.38709677E+00  0.48387097E+00 -0.15789187E+05 -0.56474552E+02
  0.38709677E+00  0.51612903E+00 -0.75911415E+02  0.24025000E+03
  0.38709677E+00  0.54838710E+00 -0.96100000E+03  0.15422366E+05
  0.38709677E+00  0.58064516E+00 -0.96100000E+03  0.38440000E+04
  0.38709677E+00  0.61290323E+00 -0.96100000E+03  0.23162764E+05
  0.38709677E+00  0.64516129E+00 -0.96100000E+03  0.38440000E+04
  0.38709677E+00  0.67741935E+00 -0.33214249E+02 -0.16860333E+05
  0.38709677E+00  0.70967742E+00  0.29036001E+04 -0.67699547E+02
  0.38709677E+00  0.74193548E+00 -0.96100000E+03 -0.96100000E+03
  0.38709677E+00  0.77419355E+00 -0.96100000E+03 -0.96100000E+03
  0.38709677E+00  0.80645161E+00  0.98682991E+03 -0.45384860E+02
  0.38709677E+00  0.83870968E+00  0.10000000E+01 -0.28830000E+04
  0.38709677E+00  0.87096774E+00  0.11901221E+05 -0.65420224E+02
  0.38709677E+00  0.90322581E+00 -0.76374947E+02 -0.67303403E+04
  0.38709677E+00  0.93548387E+00  0.10000000E+01 -0.96100000E+03
  0.38709677E+00  0.96774194E+00 -0.69649017E+02 -0.96100000E+03
  0.38709677E+00  0.10000000E+01  0.24025000E+03  0.76690837E+03
  0.41935484E+00  0.00000000E+00  0.24025000E+03 -0.74795865E+03
  0.41935484E+00  0.32258065E-01  0.13668497E+05 -0.82853743E+02
  0.41935484E+00  0.64516129E-01  0.38440000E+04  0.10000000E+01
  0.41935484E+00  0.96774194E-01 -0.15181994E+05 -0.52043572E+02
  0.41935484E+00  0.12903226E+00 -0.70379931E+02  0.24025000E+03
  0.41935484E+00  0.16129032E+00 -0.93178726E+04 -0.22776863E+02
  0.41935484E+00  0.19354839E+00 -0.76188793E+02  0.24025000E+03
  0.41935484E+00  0.22580645E+00 -0.96100000E+03  0.19380746E+05
  0.41935484E+00  0.25806452E+00 -0.96100000E+03  0.38440000E+04
  0.41935484E+00  0.29032258E+00 -0.45077322E+02 -0.14898731E+05
  0.41935484E+00  0.32258065E+00 -0.46254544E+03 -0.74161974E+02
  0.41935484E+00  0.35483871E+00 -0.96100000E+03 -0.96100000E+03
  0.41935484E+00  0.38709677E+00  0.44290532E+05  0.53525958E+02
  0.41935484E+00  0.41935484E+00 -0.96100000E+03 -0.96100000E+03
  0.41935484E+00  0.45161290E+00 -0.96100000E+03 -0.96100000E+03
  0.41935484E+00  0.48387097E+00 -0.12729353E+03 -0.50187583E+02
  0.41935484E+00  0.51612903E+00 -0.66133287E+02 -0.13781146E+04
  0.41935484E+00  0.54838710E+00  0.10000000E+01 -0.96100000E+03
  0.41935484E+00  0.58064516E+00 -0.58962645E+02 -0.96100000E+03
  0.41935484E+00  0.61290323E+00  0.10000000E+01 -0.96100000E+03
  0.41935484E+00  0.64516129E+00 -0.16885873E+02 -0.96100000E+03
  0.41935484E+00  0.67741935E+00  0.24025000E+03 -0.16397426E+03
  0.41935484E+00  0.70967742E+00  0.18547205E+05 -0.52461075E+02
  0.41935484E+00  0.74193548E+00  0.38440000E+04  0.10000000E+01
  0.41935484E+00  0.77419355E+00 -0.15550242E+05 -0.60768525E+02
  0.41935484E+00  0.80645161E+00 -0.74740140E+02  0.24025000E+03
  0.41935484E+00  0.83870968E+00 -0.23472731E+05 -0.62194723E+02
  0.41935484E+00  0.87096774E+00 -0.54704776E+02  0.24025000E+03
  0.41935484E+00  0.90322581E+00 -0.96100000E+03  0.84052951E+04
  0.41935484E+00  0.93548387E+00 -0.96100000E+03  0.38440000E+04
  0.41935484E+00  0.96774194E+00 -0.46901423E+02 -0.15629813E+05
  0.41935484E+00  0.10000000E+01 -0.76690837E+03 -0.75546249E+02
  0.45161290E+00  0.00000000E+00  0.74795865E+03 -0.68335325E+02
  0.45161290E+00  0.32258065E-01 -0.96100000E+03 -0.96100000E+03
  0.45161290E+00  0.64516129E-01 -0.96100000E+03 -0.96100000E+03
  0.45161290E+00  0.96774194E-01  0.54126288E+03 -0.47329250E+02
  0.45161290E+00  0.12903226E+00 -0.61885306E+02 -0.22652038E+04
  0.45161290E+00  0.16129032E+00  0.76510295E+04 -0.11759474E+03
  0.45161290E+00  0.19354839E+00 -0.96630814E+02 -0.29331151E+04
  0.45161290E+00  0.22580645E+00  0.10000000E+01 -0.96100000E+03
  0.45161290E+00  0.25806452E+00 -0.45728056E+02 -0.96100000E+03
  0.45161290E+00  0.29032258E+00  0.24025000E+03  0.78863979E+03
  0.45161290E+00  0.32258065E+00  0.15292051E+05 -0.66473253E+02
  0.45161290E+00  0.35483871E+00  0.38440000E+04  0.10000000E+01
  0.45161290E+00  0.38709677E+00  0.11983091E+05 -0.81003661E+02
  0.45161290E+00  0.41935484E+00  0.38440000E+04  0.10000000E+01
  0.45161290E+00  0.45161290E+00 -0.20344145E+05 -0.53648700E+02
  0.45161290E+00  0.48387097E+00 -0.69937417E+02  0.24025000E+03
  0.45161290E+00  0.51612903E+00 -0.96100000E+03  0.14701444E+05
  0.45161290E+00  0.54838710E+00 -0.96100000E+03  0.38440000E+04
  0.45161290E+00  0.58064516E+00 -0.46210456E+02 -0.15430110E+05
  0.45161290E+00  0.61290323E+00 -0.96100000E+03  0.38440000E+04
  0.45161290E+00  0.64516129E+00 -0.41965791E+02 -0.49769660E+04
  0.45161290E+00  0.67741935E+00  0.16397426E+03 -0.86910751E+02
  0.45161290E+00  0.70967742E+00 -0.96100000E+03 -0.96100000E+03
  0.45161290E+00  0.74193548E+00 -0.96100000E+03 -0.96100000E+03
  0.45161290E+00  0.77419355E+00  0.48848964E+03 -0.44666521E+02
  0.45161290E+00  0.80645161E+00 -0.59809252E+02 -0.98682991E+03
  0.45161290E+00  0.83870968E+00 -0.15407076E+06 -0.18926303E+03
  0.45161290E+00  0.87096774E+00 -0.95919241E+02 -0.11901221E+05
  0.45161290E+00  0.90322581E+00  0.10000000E+01 -0.96100000E+03
  0.45161290E+00  0.93548387E+00 -0.75892706E+02 -0.96100000E+03
  0.45161290E+00  0.96774194E+00  0.24025000E+03  0.12219169E+04
  0.45161290E+00  0.10000000E+01  0.15599823E+05 -0.54527534E+02
  0.48387097E+00  0.00000000E+00  0.15848974E+05 -0.83522122E+02
  0.48387097E+00  0.32258065E-01  0.38440000E+04  0.10000000E+01
  0.48387097E+00  0.64516129E-01 -0.15007874E+05 -0.45354041E+02
  0.48387097E+00  0.96774194E-01 -0.72795750E+02  0.24025000E+03
  0.48387097E+00  0.12903226E+00 -0.96100000E+03  0.15659263E+05
  0.48387097E+00  0.16129032E+00 -0.25302552E+01  0.24025000E+03
  0.48387097E+00  0.19354839E+00 -0.96100000E+03  0.17152325E+05
  0.48387097E+00  0.22580645E+00 -0.96100000E+03  0.38440000E+04
  0.48387097E+00  0.25806452E+00 -0.47446225E+02 -0.14072635E+05
  0.48387097E+00  0.29032258E+00 -0.78863979E+03 -0.75047678E+02
  0.48387097E+00  0.32258065E+00 -0.96100000E+03 -0.96100000E+03
  0.48387097E+00  0.35483871E+00 -0.96100000E+03 -0.96100000E+03
  0.48387097E+00  0.38709677E+00 -0.96100000E+03 -0.96100000E+03
  0.48387097E+00  0.41935484E+00 -0.96100000E+03 -0.96100000E+03
  0.48387097E+00  0.45161290E+00 -0.33396700E+04 -0.46261582E+02
  0.48387097E+00  0.48387097E+00 -0.63650448E+02  0.12729353E+03
  0.48387097E+00  0.51612903E+00  0.10000000E+01 -0.96100000E+03
  0.48387097E+00  0.54838710E+00 -0.57121020E+02 -0.96100000E+03
  0.48387097E+00  0.58064516E+00  0.24025000E+03  0.15345907E+04
  0.48387097E+00  0.61290323E+00 -0.45229926E+02 -0.96100000E+03
  0.48387097E+00  0.64516129E+00  0.24025000E+03  0.94526710E+04
  0.48387097E+00  0.67741935E+00  0.16860333E+05 -0.69425321E+02
  0.48387097E+00  0.70967742E+00  0.38440000E+04  0.10000000E+01
  0.48387097E+00  0.74193548E+00 -0.14959588E+05 -0.61000643E+02
  0.48387097E+00  0.77419355E+00 -0.75458479E+02  0.24025000E+03
  0.48387097E+00  0.80645161E+00 -0.96100000E+03  0.15465518E+05
  0.48387097E+00  0.83870968E+00  0.69138032E+02  0.24025000E+03
  0.48387097E+00  0.87096774E+00 -0.96100000E+03 -0.54251183E+03
  0.48387097E+00  0.90322581E+00 -0.96100000E+03  0.38440000E+04
  0.48387097E+00  0.93548387E+00 -0.52449954E+02 -0.19067889E+05
  0.48387097E+00  0.96774194E+00 -0.12219169E+04 -0.73223577E+02
  0.48387097E+00  0.10000000E+01 -0.96100000E+03 -0.96100000E+03
  0.51612903E+00  0.00000000E+00 -0.96100000E+03 -0.96100000E+03
  0.51612903E+00  0.32258065E-01 -0.96100000E+03 -0.96100000E+03
  0.51612903E+00  0.64516129E-01  0.41286413E+03 -0.46937155E+02
  0.51612903E+00  0.96774194E-01 -0.68081428E+02 -0.54126288E+03
  0.51612903E+00  0.12903226E+00  0.10000000E+01 -0.96100000E+03
  0.51612903E+00  0.16129032E+00 -0.97348137E+02 -0.76510295E+04
  0.51612903E+00  0.19354839E+00  0.10000000E+01 -0.96100000E+03
  0.51612903E+00  0.22580645E+00 -0.47472292E+02 -0.96100000E+03
  0.51612903E+00  0.25806452E+00  0.24025000E+03  0.13067903E+04
  0.51612903E+00  0.29032258E+00  0.14898731E+05 -0.71396796E+02
  0.51612903E+00  0.32258065E+00  0.38440000E+04  0.10000000E+01
  0.51612903E+00  0.35483871E+00 -0.15583112E+05 -0.58802102E+02
  0.51612903E+00  0.38709677E+00  0.38440000E+04  0.10000000E+01
  0.51612903E+00  0.41935484E+00 -0.13094562E+05 -0.22681856E+02
  0.51612903E+00  0.45161290E+00 -0.73863418E+02  0.24025000E+03
  0.51612903E+00  0.48387097E+00 -0.96100000E+03  0.15789187E+05
  0.51612903E+00  0.51612903E+00 -0.96100000E+03  0.38440000E+04
  0.51612903E+00  0.54838710E+00 -0.45156278E+02 -0.15432410E+05
  0.51612903E+00  0.58064516E+00 -0.15345907E+04 -0.73914544E+02
  0.51612903E+00  0.61290323E+00 -0.18722987E+03 -0.13485192E+05
  0.51612903E+00  0.64516129E+00 -0.94526710E+04 -0.78159209E+02
  0.51612903E+00  0.67741935E+00 -0.96100000E+03 -0.96100000E+03
  0.51612903E+00  0.70967742E+00 -0.96100000E+03 -0.96100000E+03
  0.51612903E+00  0.74193548E+00  0.15506647E+04 -0.44288872E+02
  0.51612903E+00  0.77419355E+00 -0.59356475E+02 -0.48848964E+03
  0.51612903E+00  0.80645161E+00  0.10000000E+01 -0.96100000E+03
  0.51612903E+00  0.83870968E+00 -0.57930277E+02  0.15407076E+06
  0.51612903E+00  0.87096774E+00  0.10000000E+01 -0.96100000E+03
  0.51612903E+00  0.90322581E+00 -0.54122388E+02 -0.96100000E+03
  0.51612903E+00  0.93548387E+00  0.24025000E+03 -0.38931005E+04
  0.51612903E+00  0.96774194E+00  0.15629813E+05 -0.50475983E+02
  0.51612903E+00  0.10000000E+01  0.38440000E+04  0.10000000E+01
  0.54838710E+00  0.00000000E+00  0.38440000E+04  0.10000000E+01
  0.54838710E+00  0.32258065E-01 -0.13915274E+05 -0.38348649E+02
  0.54838710E+00  0.64516129E-01 -0.73187845E+02  0.24025000E+03
  0.54838710E+00  0.96774194E-01 -0.96100000E+03  0.15181994E+05
  0.54838710E+00  0.12903226E+00 -0.96100000E+03  0.38440000E+04
  0.54838710E+00  0.16129032E+00 -0.96100000E+03  0.93178726E+04
  0.54838710E+00  0.19354839E+00 -0.96100000E+03  0.38440000E+04
  0.54838710E+00  0.22580645E+00 -0.51317070E+02 -0.18109570E+05
  0.54838710E+00  0.25806452E+00 -0.13067903E+04 -0.72678775E+02
  0.54838710E+00  0.29032258E+00 -0.96100000E+03 -0.96100000E+03
  0.54838710E+00  0.32258065E+00 -0.96100000E+03 -0.96100000E+03
  0.54838710E+00  0.35483871E+00  0.25428035E+04 -0.48597565E+02
  0.54838710E+00  0.38709677E+00 -0.96100000E+03 -0.96100000E+03
  0.54838710E+00  0.41935484E+00  0.50096205E+04 -0.37407533E+02
  0.54838710E+00  0.45161290E+00 -0.66476300E+02  0.33396700E+04
  0.54838710E+00  0.48387097E+00  0.10000000E+01 -0.96100000E+03
  0.54838710E+00  0.51612903E+00 -0.54526023E+02 -0.96100000E+03
  0.54838710E+00  0.54838710E+00  0.24025000E+03  0.46194872E+03
  0.54838710E+00  0.58064516E+00  0.15430110E+05 -0.61162355E+02
  0.54838710E+00  0.61290323E+00  0.24025000E+03 -0.51748705E+05
  0.54838710E+00  0.64516129E+00  0.49769660E+04 -0.10323913E+03
  0.54838710E+00  0.67741935E+00  0.38440000E+04  0.10000000E+01
  0.54838710E+00  0.70967742E+00 -0.17205258E+05 -0.66487452E+02
  0.54838710E+00  0.74193548E+00 -0.75836128E+02  0.24025000E+03
  0.54838710E+00  0.77419355E+00 -0.96100000E+03  0.15550242E+05
  0.54838710E+00  0.80645161E+00 -0.96100000E+03  0.38440000E+04
  0.54838710E+00  0.83870968E+00 -0.96100000E+03  0.23472731E+05
  0.54838710E+00  0.87096774E+00 -0.96100000E+03  0.38440000E+04
  0.54838710E+00  0.90322581E+00 -0.23158251E+02 -0.12512910E+05
  0.54838710E+00  0.93548387E+00  0.38931005E+04 -0.67675046E+02
  0.54838710E+00  0.96774194E+00 -0.96100000E+03 -0.96100000E+03
  0.54838710E+00  0.10000000E+01 -0.96100000E+03 -0.96100000E+03
  0.58064516E+00  0.00000000E+00 -0.96100000E+03 -0.96100000E+03
  0.58064516E+00  0.32258065E-01  0.12306980E+04 -0.46966822E+02
  0.58064516E+00  0.64516129E-01 -0.74770959E+02 -0.41286413E+03
  0.58064516E+00  0.96774194E-01  0.10000000E+01 -0.96100000E+03
  0.58064516E+00  0.12903226E+00 -0.59464669E+02 -0.96100000E+03
  0.58064516E+00  0.16129032E+00  0.10000000E+01 -0.96100000E+03
  0.58064516E+00  0.19354839E+00 -0.30098151E+02 -0.96100000E+03
  0.58064516E+00  0.22580645E+00  0.24025000E+03 -0.21643029E+04
  0.58064516E+00  0.25806452E+00  0.14072635E+05 -0.74396944E+02
  0.58064516E+00  0.29032258E+00  0.38440000E+04  0.10000000E+01
  0.58064516E+00  0.32258065E+00 -0.15294254E+05 -0.54706066E+02
  0.58064516E+00  0.35483871E+00 -0.71527435E+02  0.24025000E+03
  0.58064516E+00  0.38709677E+00 -0.85248258E+04 -0.26153180E+02
  0.58064516E+00  0.41935484E+00 -0.82717467E+02  0.24025000E+03
  0.58064516E+00  0.45161290E+00 -0.96100000E+03  0.20344145E+05
  0.58064516E+00  0.48387097E+00 -0.96100000E+03  0.38440000E+04
  0.58064516E+00  0.51612903E+00 -0.44087959E+02 -0.14970311E+05
  0.58064516E+00  0.54838710E+00 -0.46194872E+03 -0.74968722E+02
  0.58064516E+00  0.58064516E+00 -0.96100000E+03 -0.96100000E+03
  0.58064516E+00  0.61290323E+00  0.51748705E+05  0.67104868E+02
  0.58064516E+00  0.64516129E+00 -0.96100000E+03 -0.96100000E+03
  0.58064516E+00  0.67741935E+00 -0.96100000E+03 -0.96100000E+03
  0.58064516E+00  0.70967742E+00 -0.13964176E+04 -0.51740841E+02
  0.58064516E+00  0.74193548E+00 -0.59124357E+02 -0.15506647E+04
  0.58064516E+00  0.77419355E+00  0.10000000E+01 -0.96100000E+03
  0.58064516E+00  0.80645161E+00 -0.60185067E+02 -0.96100000E+03
  0.58064516E+00  0.83870968E+00  0.10000000E+01 -0.96100000E+03
  0.58064516E+00  0.87096774E+00 -0.22795209E+02 -0.96100000E+03
  0.58064516E+00  0.90322581E+00  0.24025000E+03  0.33271879E+04
  0.58064516E+00  0.93548387E+00  0.19067889E+05 -0.44232294E+02
  0.58064516E+00  0.96774194E+00  0.38440000E+04  0.10000000E+01
  0.58064516E+00  0.10000000E+01 -0.15671340E+05 -0.64985397E+02
  0.61290323E+00  0.00000000E+00 -0.14740132E+05 -0.36706239E+02
  0.61290323E+00  0.32258065E-01 -0.73158178E+02  0.24025000E+03
  0.61290323E+00  0.64516129E-01 -0.96100000E+03  0.15007874E+05
  0.61290323E+00  0.96774194E-01 -0.96100000E+03  0.38440000E+04
  0.61290323E+00  0.12903226E+00 -0.53204826E+02 -0.16076334E+05
  0.61290323E+00  0.16129032E+00 -0.96100000E+03  0.38440000E+04
  0.61290323E+00  0.19354839E+00 -0.42955862E+02 -0.18778339E+05
  0.61290323E+00  0.22580645E+00  0.21643029E+04 -0.68807930E+02
  0.61290323E+00  0.25806452E+00 -0.96100000E+03 -0.96100000E+03
  0.61290323E+00  0.29032258E+00 -0.96100000E+03 -0.96100000E+03
  0.61290323E+00  0.32258065E+00  0.56364838E+03 -0.46002724E+02
  0.61290323E+00  0.35483871E+00 -0.61322898E+02 -0.25428035E+04
  0.61290323E+00  0.38709677E+00  0.72318206E+04 -0.12722731E+03
  0.61290323E+00  0.41935484E+00 -0.97443144E+02 -0.50096205E+04
  0.61290323E+00  0.45161290E+00  0.10000000E+01 -0.96100000E+03
  0.61290323E+00  0.48387097E+00 -0.55118398E+02 -0.96100000E+03
  0.61290323E+00  0.51612903E+00  0.24025000E+03  0.10581415E+04
  0.61290323E+00  0.54838710E+00  0.15432410E+05 -0.63003980E+02
  0.61290323E+00  0.58064516E+00  0.38440000E+04  0.10000000E+01
  0.61290323E+00  0.61290323E+00  0.13485192E+05 -0.74895074E+02
  0.61290323E+00  0.64516129E+00  0.38440000E+04  0.10000000E+01
  0.61290323E+00  0.67741935E+00 -0.19085207E+05 -0.59018559E+02
  0.61290323E+00  0.70967742E+00 -0.68384159E+02  0.24025000E+03
  0.61290323E+00  0.74193548E+00 -0.96100000E+03  0.14959588E+05
  0.61290323E+00  0.77419355E+00 -0.96100000E+03  0.38440000E+04
  0.61290323E+00  0.80645161E+00 -0.46029624E+02 -0.15441586E+05
  0.61290323E+00  0.83870968E+00 -0.96100000E+03  0.38440000E+04
  0.61290323E+00  0.87096774E+00 -0.40047914E+02  0.51585882E+03
  0.61290323E+00  0.90322581E+00 -0.33271879E+04 -0.96966749E+02
  0.61290323E+00  0.93548387E+00 -0.96100000E+03 -0.96100000E+03
  0.61290323E+00  0.96774194E+00 -0.96100000E+03 -0.96100000E+03
  0.61290323E+00  0.10000000E+01  0.53829298E+03 -0.44979429E+02
  0.64516129E+00  0.00000000E+00  0.36174824E+02 -0.51239411E+02
  0.64516129E+00  0.32258065E-01 -0.81776351E+02 -0.12306980E+04
  0.64516129E+00  0.64516129E-01  0.10000000E+01 -0.96100000E+03
  0.64516129E+00  0.96774194E-01 -0.53624802E+02 -0.96100000E+03
  0.64516129E+00  0.12903226E+00  0.24025000E+03  0.45415354E+04
  0.64516129E+00  0.16129032E+00 -0.16750028E+02 -0.96100000E+03
  0.64516129E+00  0.19354839E+00  0.24025000E+03  0.47806992E+03
  0.64516129E+00  0.22580645E+00  0.18109570E+05 -0.72652708E+02
  0.64516129E+00  0.25806452E+00  0.38440000E+04  0.10000000E+01
  0.64516129E+00  0.29032258E+00 -0.15112416E+05 -0.50062828E+02
  0.64516129E+00  0.32258065E+00 -0.74122276E+02  0.24025000E+03
  0.64516129E+00  0.35483871E+00 -0.96100000E+03  0.15583112E+05
  0.64516129E+00  0.38709677E+00  0.71023094E+01  0.24025000E+03
  0.64516129E+00  0.41935484E+00 -0.96100000E+03  0.13094562E+05
  0.64516129E+00  0.45161290E+00 -0.96100000E+03  0.38440000E+04
  0.64516129E+00  0.48387097E+00 -0.48185059E+02 -0.14919499E+05
  0.64516129E+00  0.51612903E+00 -0.10581415E+04 -0.76037041E+02
  0.64516129E+00  0.54838710E+00 -0.96100000E+03 -0.96100000E+03
  0.64516129E+00  0.58064516E+00 -0.96100000E+03 -0.96100000E+03
  0.64516129E+00  0.61290323E+00 -0.96100000E+03 -0.96100000E+03
  0.64516129E+00  0.64516129E+00 -0.96100000E+03 -0.96100000E+03
  0.64516129E+00  0.67741935E+00 -0.26039702E+04 -0.40304545E+02
  0.64516129E+00  0.70967742E+00 -0.53637548E+02  0.13964176E+04
  0.64516129E+00  0.74193548E+00  0.10000000E+01 -0.96100000E+03
  0.64516129E+00  0.77419355E+00 -0.60728339E+02 -0.96100000E+03
  0.64516129E+00  0.80645161E+00  0.24025000E+03  0.15542135E+04
  0.64516129E+00  0.83870968E+00 -0.54916580E+02 -0.96100000E+03
  0.64516129E+00  0.87096774E+00  0.24025000E+03  0.10483458E+05
  0.64516129E+00  0.90322581E+00  0.12512910E+05 -0.66002612E+02
  0.64516129E+00  0.93548387E+00  0.38440000E+04  0.10000000E+01
  0.64516129E+00  0.96774194E+00 -0.15388835E+05 -0.68135240E+02
  0.64516129E+00  0.10000000E+01 -0.75145571E+02  0.24025000E+03
  0.67741935E+00  0.00000000E+00 -0.68885589E+02  0.24025000E+03
  0.67741935E+00  0.32258065E-01 -0.96100000E+03  0.13915274E+05
  0.67741935E+00  0.64516129E-01 -0.96100000E+03  0.38440000E+04
  0.67741935E+00  0.96774194E-01 -0.47383926E+02 -0.15231243E+05
  0.67741935E+00  0.12903226E+00 -0.45415354E+04 -0.66920174E+02
  0.67741935E+00  0.16129032E+00 -0.82514696E+02 -0.11411643E+05
  0.67741935E+00  0.19354839E+00 -0.47806992E+03 -0.77169138E+02
  0.67741935E+00  0.22580645E+00 -0.96100000E+03 -0.96100000E+03
  0.67741935E+00  0.25806452E+00 -0.96100000E+03 -0.96100000E+03
  0.67741935E+00  0.29032258E+00  0.55945296E+03 -0.45347442E+02
  0.67741935E+00  0.32258065E+00 -0.65418934E+02 -0.56364838E+03
  0.67741935E+00  0.35483871E+00  0.10000000E+01 -0.96100000E+03
  0.67741935E+00  0.38709677E+00 -0.93971820E+02 -0.72318206E+04
  0.67741935E+00  0.41935484E+00  0.10000000E+01 -0.96100000E+03
  0.67741935E+00  0.45161290E+00 -0.57131171E+02 -0.96100000E+03
  0.67741935E+00  0.48387097E+00  0.24025000E+03  0.88686442E+03
  0.67741935E+00  0.51612903E+00  0.14970311E+05 -0.65598977E+02
  0.67741935E+00  0.54838710E+00  0.38440000E+04  0.10000000E+01
  0.67741935E+00  0.58064516E+00 -0.15507576E+05 -0.59429644E+02
  0.67741935E+00  0.61290323E+00  0.38440000E+04  0.10000000E+01
  0.67741935E+00  0.64516129E+00 -0.69503920E+04 -0.21855391E+02
  0.67741935E+00  0.67741935E+00 -0.79820455E+02  0.24025000E+03
  0.67741935E+00  0.70967742E+00 -0.96100000E+03  0.17205258E+05
  0.67741935E+00  0.74193548E+00 -0.96100000E+03  0.38440000E+04
  0.67741935E+00  0.77419355E+00 -0.44930813E+02 -0.15564967E+05
  0.67741935E+00  0.80645161E+00 -0.15542135E+04 -0.74095376E+02
  0.67741935E+00  0.83870968E+00 -0.19928045E+03 -0.16281940E+05
  0.67741935E+00  0.87096774E+00 -0.10483458E+05 -0.80077086E+02
  0.67741935E+00  0.90322581E+00 -0.96100000E+03 -0.96100000E+03
  0.67741935E+00  0.93548387E+00 -0.96100000E+03 -0.96100000E+03
  0.67741935E+00  0.96774194E+00  0.15261843E+04 -0.45227749E+02
  0.67741935E+00  0.10000000E+01 -0.55139603E+02 -0.53829298E+03
  0.70967742E+00  0.00000000E+00 -0.83418761E+02 -0.36174824E+02
  0.70967742E+00  0.32258065E-01  0.10000000E+01 -0.96100000E+03
  0.70967742E+00  0.64516129E-01 -0.47135262E+02 -0.96100000E+03
  0.70967742E+00  0.96774194E-01  0.24025000E+03  0.66648806E+03
  0.70967742E+00  0.12903226E+00  0.16076334E+05 -0.60660331E+02
  0.70967742E+00  0.16129032E+00  0.24025000E+03  0.14289670E+05
  0.70967742E+00  0.19354839E+00  0.18778339E+05 -0.90026849E+02
  0.70967742E+00  0.22580645E+00  0.38440000E+04  0.10000000E+01
  0.70967742E+00  0.25806452E+00 -0.14057571E+05 -0.45790527E+02
  0.70967742E+00  0.29032258E+00 -0.74777558E+02  0.24025000E+03
  0.70967742E+00  0.32258065E+00 -0.96100000E+03  0.15294254E+05
  0.70967742E+00  0.35483871E+00 -0.96100000E+03  0.38440000E+04
  0.70967742E+00  0.38709677E+00 -0.96100000E+03  0.85248258E+04
  0.70967742E+00  0.41935484E+00 -0.96100000E+03  0.38440000E+04
  0.70967742E+00  0.45161290E+00 -0.49896283E+02 -0.19833498E+05
  0.70967742E+00  0.48387097E+00 -0.88686442E+03 -0.71939941E+02
  0.70967742E+00  0.51612903E+00 -0.96100000E+03 -0.96100000E+03
  0.70967742E+00  0.54838710E+00 -0.96100000E+03 -0.96100000E+03
  0.70967742E+00  0.58064516E+00  0.27227240E+04 -0.47908120E+02
  0.70967742E+00  0.61290323E+00 -0.96100000E+03 -0.96100000E+03
  0.70967742E+00  0.64516129E+00  0.75260560E+04 -0.30382565E+02
  0.70967742E+00  0.67741935E+00 -0.61106441E+02  0.26039702E+04
  0.70967742E+00  0.70967742E+00  0.10000000E+01 -0.96100000E+03
  0.70967742E+00  0.74193548E+00 -0.60711898E+02 -0.96100000E+03
  0.70967742E+00  0.77419355E+00  0.24025000E+03  0.45717124E+03
  0.70967742E+00  0.80645161E+00  0.15441586E+05 -0.59939933E+02
  0.70967742E+00  0.83870968E+00  0.24025000E+03 -0.60226497E+05
  0.70967742E+00  0.87096774E+00 -0.51585882E+03 -0.97329791E+02
  0.70967742E+00  0.90322581E+00  0.38440000E+04  0.10000000E+01
  0.70967742E+00  0.93548387E+00 -0.18180882E+05 -0.75336208E+02
  0.70967742E+00  0.96774194E+00 -0.74897251E+02  0.24025000E+03
  0.70967742E+00  0.10000000E+01 -0.96100000E+03  0.15671340E+05
  0.74193548E+00  0.00000000E+00 -0.96100000E+03  0.14740132E+05
  0.74193548E+00  0.32258065E-01 -0.96100000E+03  0.38440000E+04
  0.74193548E+00  0.64516129E-01 -0.47146942E+02 -0.15093499E+05
  0.74193548E+00  0.96774194E-01 -0.66648806E+03 -0.72741074E+02
  0.74193548E+00  0.12903226E+00 -0.96100000E+03 -0.96100000E+03
  0.74193548E+00  0.16129032E+00 -0.14289670E+05 -0.37610304E+02
  0.74193548E+00  0.19354839E+00 -0.96100000E+03 -0.96100000E+03
  0.74193548E+00  0.22580645E+00 -0.96100000E+03 -0.96100000E+03
  0.74193548E+00  0.25806452E+00  0.14706765E+04 -0.46116271E+02
  0.74193548E+00  0.29032258E+00 -0.70062172E+02 -0.55945296E+03
  0.74193548E+00  0.32258065E+00  0.10000000E+01 -0.96100000E+03
  0.74193548E+00  0.35483871E+00 -0.59644767E+02 -0.96100000E+03
  0.74193548E+00  0.38709677E+00  0.10000000E+01 -0.96100000E+03
  0.74193548E+00  0.41935484E+00 -0.30717274E+02 -0.96100000E+03
  0.74193548E+00  0.45161290E+00  0.24025000E+03 -0.34901917E+04
  0.74193548E+00  0.48387097E+00  0.14919499E+05 -0.65006602E+02
  0.74193548E+00  0.51612903E+00  0.38440000E+04  0.10000000E+01
  0.74193548E+00  0.54838710E+00 -0.15416992E+05 -0.57603269E+02
  0.74193548E+00  0.58064516E+00 -0.72216880E+02  0.24025000E+03
  0.74193548E+00  0.61290323E+00 -0.72267986E+04 -0.31674432E+02
  0.74193548E+00  0.64516129E+00 -0.89742435E+02  0.24025000E+03
  0.74193548E+00  0.67741935E+00 -0.96100000E+03  0.19085207E+05
  0.74193548E+00  0.70967742E+00 -0.96100000E+03  0.38440000E+04
  0.74193548E+00  0.74193548E+00 -0.43845572E+02 -0.15118729E+05
  0.74193548E+00  0.77419355E+00 -0.45717124E+03 -0.75194187E+02
  0.74193548E+00  0.80645161E+00 -0.96100000E+03 -0.96100000E+03
  0.74193548E+00  0.83870968E+00  0.60226497E+05  0.79155452E+02
  0.74193548E+00  0.87096774E+00 -0.96100000E+03 -0.96100000E+03
  0.74193548E+00  0.90322581E+00 -0.96100000E+03 -0.96100000E+03
  0.74193548E+00  0.93548387E+00 -0.26232315E+04 -0.53150847E+02
  0.74193548E+00  0.96774194E+00 -0.51989760E+02 -0.15261843E+04
  0.74193548E+00  0.10000000E+01  0.10000000E+01 -0.96100000E+03
  0.77419355E+00  0.00000000E+00  0.10000000E+01 -0.96100000E+03
  0.77419355E+00  0.32258065E-01 -0.39851117E+02 -0.96100000E+03
  0.77419355E+00  0.64516129E-01  0.24025000E+03  0.36397657E+03
  0.77419355E+00  0.96774194E-01  0.15231243E+05 -0.66500198E+02
  0.77419355E+00  0.12903226E+00  0.38440000E+04  0.10000000E+01
  0.77419355E+00  0.16129032E+00  0.11411643E+05 -0.10337497E+03
  0.77419355E+00  0.19354839E+00  0.38440000E+04  0.10000000E+01
  0.77419355E+00  0.22580645E+00 -0.16638513E+05 -0.47666519E+02
  0.77419355E+00  0.25806452E+00 -0.74008729E+02  0.24025000E+03
  0.77419355E+00  0.29032258E+00 -0.96100000E+03  0.15112416E+05
  0.77419355E+00  0.32258065E+00 -0.96100000E+03  0.38440000E+04
  0.77419355E+00  0.35483871E+00 -0.52424577E+02 -0.15887127E+05
  0.77419355E+00  0.38709677E+00 -0.96100000E+03  0.38440000E+04
  0.77419355E+00  0.41935484E+00 -0.35300328E+02 -0.15640673E+05
  0.77419355E+00  0.45161290E+00  0.34901917E+04 -0.70228717E+02
  0.77419355E+00  0.48387097E+00 -0.96100000E+03 -0.96100000E+03
  0.77419355E+00  0.51612903E+00 -0.96100000E+03 -0.96100000E+03
  0.77419355E+00  0.54838710E+00  0.55812100E+03 -0.45241227E+02
  0.77419355E+00  0.58064516E+00 -0.60695356E+02 -0.27227240E+04
  0.77419355E+00  0.61290323E+00  0.45736958E+04 -0.13841775E+03
  0.77419355E+00  0.64516129E+00 -0.98269609E+02 -0.75260560E+04
  0.77419355E+00  0.67741935E+00  0.10000000E+01 -0.96100000E+03
  0.77419355E+00  0.70967742E+00 -0.64700660E+02 -0.96100000E+03
  0.77419355E+00  0.74193548E+00  0.24025000E+03  0.12912363E+04
  0.77419355E+00  0.77419355E+00  0.15564967E+05 -0.59396661E+02
  0.77419355E+00  0.80645161E+00  0.38440000E+04  0.10000000E+01
  0.77419355E+00  0.83870968E+00  0.16281940E+05 -0.65208420E+02
  0.77419355E+00  0.87096774E+00  0.38440000E+04  0.10000000E+01
  0.77419355E+00  0.90322581E+00 -0.15998831E+05 -0.63378327E+02
  0.77419355E+00  0.93548387E+00 -0.66974153E+02  0.24025000E+03
  0.77419355E+00  0.96774194E+00 -0.96100000E+03  0.15388835E+05
  0.77419355E+00  0.10000000E+01 -0.96100000E+03  0.38440000E+04
  0.80645161E+00  0.00000000E+00 -0.96100000E+03  0.38440000E+04
  0.80645161E+00  0.32258065E-01 -0.46577276E+02 -0.14257755E+05
  0.80645161E+00  0.64516129E-01 -0.36397657E+03 -0.72978058E+02
  0.80645161E+00  0.96774194E-01 -0.96100000E+03 -0.96100000E+03
  0.80645161E+00  0.12903226E+00 -0.96100000E+03 -0.96100000E+03
  0.80645161E+00  0.16129032E+00 -0.96100000E+03 -0.96100000E+03
  0.80645161E+00  0.19354839E+00 -0.96100000E+03 -0.96100000E+03
  0.80645161E+00  0.22580645E+00 -0.11890939E+04 -0.51525678E+02
  0.80645161E+00  0.25806452E+00 -0.74334473E+02 -0.14706765E+04
  0.80645161E+00  0.29032258E+00  0.10000000E+01 -0.96100000E+03
  0.80645161E+00  0.32258065E+00 -0.55739770E+02 -0.96100000E+03
  0.80645161E+00  0.35483871E+00  0.24025000E+03  0.50999117E+04
  0.80645161E+00  0.38709677E+00 -0.18298333E+02 -0.96100000E+03
  0.80645161E+00  0.41935484E+00  0.24025000E+03  0.24095502E+04
  0.80645161E+00  0.45161290E+00  0.19833498E+05 -0.62993829E+02
  0.80645161E+00  0.48387097E+00  0.38440000E+04  0.10000000E+01
  0.80645161E+00  0.51612903E+00 -0.15204041E+05 -0.55223463E+02
  0.80645161E+00  0.54838710E+00 -0.74883773E+02  0.24025000E+03
  0.80645161E+00  0.58064516E+00 -0.96100000E+03  0.15507576E+05
  0.80645161E+00  0.61290323E+00  0.18292751E+02  0.24025000E+03
  0.80645161E+00  0.64516129E+00 -0.96100000E+03  0.69503920E+04
  0.80645161E+00  0.67741935E+00 -0.96100000E+03  0.38440000E+04
  0.80645161E+00  0.70967742E+00 -0.49746392E+02 -0.16051267E+05
  0.80645161E+00  0.74193548E+00 -0.12912363E+04 -0.76279428E+02
  0.80645161E+00  0.77419355E+00 -0.96100000E+03 -0.96100000E+03
  0.80645161E+00  0.80645161E+00 -0.96100000E+03 -0.96100000E+03
  0.80645161E+00  0.83870968E+00 -0.96100000E+03 -0.96100000E+03
  0.80645161E+00  0.87096774E+00 -0.96100000E+03 -0.96100000E+03
  0.80645161E+00  0.90322581E+00 -0.22156779E+03 -0.32344435E+02
  0.80645161E+00  0.93548387E+00 -0.44788792E+02  0.26232315E+04
  0.80645161E+00  0.96774194E+00  0.10000000E+01 -0.96100000E+03
  0.80645161E+00  0.10000000E+01 -0.64336756E+02 -0.96100000E+03
  0.83870968E+00  0.00000000E+00 -0.36599488E+02 -0.96100000E+03
  0.83870968E+00  0.32258065E-01  0.24025000E+03  0.10170856E+04
  0.83870968E+00  0.64516129E-01  0.15093499E+05 -0.72989738E+02
  0.83870968E+00  0.96774194E-01  0.38440000E+04  0.10000000E+01
  0.83870968E+00  0.12903226E+00 -0.28830000E+04  0.50000000E+00
  0.83870968E+00  0.16129032E+00  0.38440000E+04  0.10000000E+01
  0.83870968E+00  0.19354839E+00 -0.19836719E+05 -0.36706528E+02
  0.83870968E+00  0.22580645E+00 -0.68599322E+02  0.24025000E+03
  0.83870968E+00  0.25806452E+00 -0.96100000E+03  0.14057571E+05
  0.83870968E+00  0.29032258E+00 -0.96100000E+03  0.38440000E+04
  0.83870968E+00  0.32258065E+00 -0.46063915E+02 -0.15308909E+05
  0.83870968E+00  0.35483871E+00 -0.50999117E+04 -0.67700423E+02
  0.83870968E+00  0.38709677E+00 -0.86771092E+02 -0.89057569E+04
  0.83870968E+00  0.41935484E+00 -0.24095502E+04 -0.84824672E+02
  0.83870968E+00  0.45161290E+00 -0.96100000E+03 -0.96100000E+03
  0.83870968E+00  0.48387097E+00 -0.96100000E+03 -0.96100000E+03
  0.83870968E+00  0.51612903E+00  0.74709150E+03 -0.44316440E+02
  0.83870968E+00  0.54838710E+00 -0.62521731E+02 -0.55812100E+03
  0.83870968E+00  0.58064516E+00  0.10000000E+01 -0.96100000E+03
  0.83870968E+00  0.61290323E+00 -0.88450568E+02 -0.45736958E+04
  0.83870968E+00  0.64516129E+00  0.10000000E+01 -0.96100000E+03
  0.83870968E+00  0.67741935E+00 -0.64616826E+02 -0.96100000E+03
  0.83870968E+00  0.70967742E+00  0.24025000E+03  0.40457503E+02
  0.83870968E+00  0.74193548E+00  0.15118729E+05 -0.59413102E+02
  0.83870968E+00  0.77419355E+00  0.38440000E+04  0.10000000E+01
  0.83870968E+00  0.80645161E+00 -0.15437121E+05 -0.60098984E+02
  0.83870968E+00  0.83870968E+00  0.38440000E+04  0.10000000E+01
  0.83870968E+00  0.87096774E+00 -0.12433624E+04 -0.26392871E+02
  0.83870968E+00  0.90322581E+00 -0.87780565E+02  0.24025000E+03
  0.83870968E+00  0.93548387E+00 -0.96100000E+03  0.18180882E+05
  0.83870968E+00  0.96774194E+00 -0.96100000E+03  0.38440000E+04
  0.83870968E+00  0.10000000E+01 -0.45305352E+02 -0.15686147E+05
  0.87096774E+00  0.00000000E+00 -0.50157647E+02 -0.13988923E+05
  0.87096774E+00  0.32258065E-01 -0.10170856E+04 -0.73547724E+02
  0.87096774E+00  0.64516129E-01 -0.96100000E+03 -0.96100000E+03
  0.87096774E+00  0.96774194E-01 -0.96100000E+03 -0.96100000E+03
  0.87096774E+00  0.12903226E+00  0.10000000E+01  0.10000000E+01
  0.87096774E+00  0.16129032E+00 -0.96100000E+03 -0.96100000E+03
  0.87096774E+00  0.19354839E+00 -0.13540602E+04 -0.44571716E+02
  0.87096774E+00  0.22580645E+00 -0.72458481E+02  0.11890939E+04
  0.87096774E+00  0.25806452E+00  0.10000000E+01 -0.96100000E+03
  0.87096774E+00  0.29032258E+00 -0.51348919E+02 -0.96100000E+03
  0.87096774E+00  0.32258065E+00  0.24025000E+03  0.71251152E+03
  0.87096774E+00  0.35483871E+00  0.15887127E+05 -0.60480233E+02
  0.87096774E+00  0.38709677E+00  0.24025000E+03  0.15836929E+05
  0.87096774E+00  0.41935484E+00  0.15640673E+05 -0.89407726E+02
  0.87096774E+00  0.45161290E+00  0.38440000E+04  0.10000000E+01
  0.87096774E+00  0.48387097E+00 -0.14522854E+05 -0.54174384E+02
  0.87096774E+00  0.51612903E+00 -0.75808560E+02  0.24025000E+03
  0.87096774E+00  0.54838710E+00 -0.96100000E+03  0.15416992E+05
  0.87096774E+00  0.58064516E+00 -0.96100000E+03  0.38440000E+04
  0.87096774E+00  0.61290323E+00 -0.96100000E+03  0.72267986E+04
  0.87096774E+00  0.64516129E+00 -0.96100000E+03  0.38440000E+04
  0.87096774E+00  0.67741935E+00 -0.46688267E+02 -0.19978435E+05
  0.87096774E+00  0.70967742E+00 -0.40457503E+02 -0.70378608E+02
  0.87096774E+00  0.74193548E+00 -0.96100000E+03 -0.96100000E+03
  0.87096774E+00  0.77419355E+00 -0.96100000E+03 -0.96100000E+03
  0.87096774E+00  0.80645161E+00  0.27921521E+04 -0.47713250E+02
  0.87096774E+00  0.83870968E+00 -0.96100000E+03 -0.96100000E+03
  0.87096774E+00  0.87096774E+00  0.10090399E+05 -0.23935867E+02
  0.87096774E+00  0.90322581E+00 -0.56746673E+02  0.22156779E+03
  0.87096774E+00  0.93548387E+00  0.10000000E+01 -0.96100000E+03
  0.87096774E+00  0.96774194E+00 -0.67037068E+02 -0.96100000E+03
  0.87096774E+00  0.10000000E+01  0.24025000E+03  0.45195787E+03
  0.90322581E+00  0.00000000E+00  0.24025000E+03  0.71530992E+03
  0.90322581E+00  0.32258065E-01  0.14257755E+05 -0.80273883E+02
  0.90322581E+00  0.64516129E-01  0.38440000E+04  0.10000000E+01
  0.90322581E+00  0.96774194E-01 -0.15311358E+05 -0.55205225E+02
  0.90322581E+00  0.12903226E+00  0.50000000E+00  0.10000000E+01
  0.90322581E+00  0.16129032E+00 -0.13519302E+05 -0.15657992E+02
  0.90322581E+00  0.19354839E+00 -0.75553284E+02  0.24025000E+03
  0.90322581E+00  0.22580645E+00 -0.96100000E+03  0.16638513E+05
  0.90322581E+00  0.25806452E+00 -0.96100000E+03  0.38440000E+04
  0.90322581E+00  0.29032258E+00 -0.45641007E+02 -0.15232959E+05
  0.90322581E+00  0.32258065E+00 -0.71251152E+03 -0.74061085E+02
  0.90322581E+00  0.35483871E+00 -0.96100000E+03 -0.96100000E+03
  0.90322581E+00  0.38709677E+00 -0.15836929E+05 -0.33353908E+02
  0.90322581E+00  0.41935484E+00 -0.96100000E+03 -0.96100000E+03
  0.90322581E+00  0.45161290E+00 -0.96100000E+03 -0.96100000E+03
  0.90322581E+00  0.48387097E+00  0.14425434E+04 -0.46282892E+02
  0.90322581E+00  0.51612903E+00 -0.64901537E+02 -0.74709150E+03
  0.90322581E+00  0.54838710E+00  0.10000000E+01 -0.96100000E+03
  0.90322581E+00  0.58064516E+00 -0.59846960E+02 -0.96100000E+03
  0.90322581E+00  0.61290323E+00  0.10000000E+01 -0.96100000E+03
  0.90322581E+00  0.64516129E+00 -0.30357539E+02 -0.96100000E+03
  0.90322581E+00  0.67741935E+00  0.24025000E+03 -0.39258967E+04
  0.90322581E+00  0.70967742E+00  0.16051267E+05 -0.55424340E+02
  0.90322581E+00  0.74193548E+00  0.38440000E+04  0.10000000E+01
  0.90322581E+00  0.77419355E+00 -0.15540252E+05 -0.60619451E+02
  0.90322581E+00  0.80645161E+00 -0.72411750E+02  0.24025000E+03
  0.90322581E+00  0.83870968E+00 -0.66203681E+04 -0.42229990E+02
  0.90322581E+00  0.87096774E+00 -0.96189133E+02  0.24025000E+03
  0.90322581E+00  0.90322581E+00 -0.96100000E+03  0.15998831E+05
  0.90322581E+00  0.93548387E+00 -0.96100000E+03  0.38440000E+04
  0.90322581E+00  0.96774194E+00 -0.44407999E+02 -0.15381357E+05
  0.90322581E+00  0.10000000E+01 -0.45195787E+03 -0.74819648E+02
  0.93548387E+00  0.00000000E+00 -0.71530992E+03 -0.69967353E+02
  0.93548387E+00  0.32258065E-01 -0.96100000E+03 -0.96100000E+03
  0.93548387E+00  0.64516129E-01 -0.96100000E+03 -0.96100000E+03
  0.93548387E+00  0.96774194E-01  0.87482142E+03 -0.47610506E+02
  0.93548387E+00  0.12903226E+00  0.10000000E+01 -0.28830000E+04
  0.93548387E+00  0.16129032E+00  0.10377895E+05 -0.60910311E+02
  0.93548387E+00  0.19354839E+00 -0.83418472E+02  0.13540602E+04
  0.93548387E+00  0.22580645E+00  0.10000000E+01 -0.96100000E+03
  0.93548387E+00  0.25806452E+00 -0.46411986E+02 -0.96100000E+03
  0.93548387E+00  0.29032258E+00  0.24025000E+03  0.43456764E+03
  0.93548387E+00  0.32258065E+00  0.15308909E+05 -0.64385230E+02
  0.93548387E+00  0.35483871E+00  0.38440000E+04  0.10000000E+01
  0.93548387E+00  0.38709677E+00  0.89057569E+04 -0.10182667E+03
  0.93548387E+00  0.41935484E+00  0.38440000E+04  0.10000000E+01
  0.93548387E+00  0.45161290E+00 -0.18582552E+05 -0.58277503E+02
  0.93548387E+00  0.48387097E+00 -0.73842108E+02  0.24025000E+03
  0.93548387E+00  0.51612903E+00 -0.96100000E+03  0.15204041E+05
  0.93548387E+00  0.54838710E+00 -0.96100000E+03  0.38440000E+04
  0.93548387E+00  0.58064516E+00 -0.51944427E+02 -0.15679459E+05
  0.93548387E+00  0.61290323E+00 -0.96100000E+03  0.38440000E+04
  0.93548387E+00  0.64516129E+00 -0.26052552E+02 -0.10057744E+05
  0.93548387E+00  0.67741935E+00  0.39258967E+04 -0.73436733E+02
  0.93548387E+00  0.70967742E+00 -0.96100000E+03 -0.96100000E+03
  0.93548387E+00  0.74193548E+00 -0.96100000E+03 -0.96100000E+03
  0.93548387E+00  0.77419355E+00  0.53265492E+03 -0.45070827E+02
  0.93548387E+00  0.80645161E+00 -0.60026016E+02 -0.27921521E+04
  0.93548387E+00  0.83870968E+00 -0.11648175E+04 -0.15076365E+03
  0.93548387E+00  0.87096774E+00 -0.93732129E+02 -0.10090399E+05
  0.93548387E+00  0.90322581E+00  0.10000000E+01 -0.96100000E+03
  0.93548387E+00  0.93548387E+00 -0.73634216E+02 -0.96100000E+03
  0.93548387E+00  0.96774194E+00  0.24025000E+03  0.14151518E+04
  0.93548387E+00  0.10000000E+01  0.15686147E+05 -0.55788244E+02
  0.96774194E+00  0.00000000E+00  0.13988923E+05 -0.83525512E+02
  0.96774194E+00  0.32258065E-01  0.38440000E+04  0.10000000E+01
  0.96774194E+00  0.64516129E-01 -0.15131684E+05 -0.48827818E+02
  0.96774194E+00  0.96774194E-01 -0.72514494E+02  0.24025000E+03
  0.96774194E+00  0.12903226E+00 -0.22057897E+05 -0.51199597E+02
  0.96774194E+00  0.16129032E+00 -0.59214689E+02  0.24025000E+03
  0.96774194E+00  0.19354839E+00 -0.96100000E+03  0.19836719E+05
  0.96774194E+00  0.22580645E+00 -0.96100000E+03  0.38440000E+04
  0.96774194E+00  0.25806452E+00 -0.45299508E+02 -0.14284481E+05
  0.96774194E+00  0.29032258E+00 -0.43456764E+03 -0.74483993E+02
  0.96774194E+00  0.32258065E+00 -0.96100000E+03 -0.96100000E+03
  0.96774194E+00  0.35483871E+00 -0.96100000E+03 -0.96100000E+03
  0.96774194E+00  0.38709677E+00 -0.96100000E+03 -0.96100000E+03
  0.96774194E+00  0.41935484E+00 -0.96100000E+03 -0.96100000E+03
  0.96774194E+00  0.45161290E+00 -0.27234536E+04 -0.51686381E+02
  0.96774194E+00  0.48387097E+00 -0.65950616E+02 -0.14425434E+04
  0.96774194E+00  0.51612903E+00  0.10000000E+01 -0.96100000E+03
  0.96774194E+00  0.54838710E+00 -0.58052917E+02 -0.96100000E+03
  0.96774194E+00  0.58064516E+00  0.24025000E+03  0.54691844E+04
  0.96774194E+00  0.61290323E+00 -0.21693584E+02 -0.96100000E+03
  0.96774194E+00  0.64516129E+00  0.24025000E+03  0.54538339E+04
  0.96774194E+00  0.67741935E+00  0.19978435E+05 -0.55508174E+02
  0.96774194E+00  0.70967742E+00  0.38440000E+04  0.10000000E+01
  0.96774194E+00  0.74193548E+00 -0.15316599E+05 -0.60680603E+02
  0.96774194E+00  0.77419355E+00 -0.75054173E+02  0.24025000E+03
  0.96774194E+00  0.80645161E+00 -0.96100000E+03  0.15437121E+05
  0.96774194E+00  0.83870968E+00  0.30638651E+02  0.24025000E+03
  0.96774194E+00  0.87096774E+00 -0.96100000E+03  0.12433624E+04
  0.96774194E+00  0.90322581E+00 -0.96100000E+03  0.38440000E+04
  0.96774194E+00  0.93548387E+00 -0.51683575E+02 -0.17105741E+05
  0.96774194E+00  0.96774194E+00 -0.14151518E+04 -0.75717001E+02
  0.96774194E+00  0.10000000E+01 -0.96100000E+03 -0.96100000E+03
  0.10000000E+01  0.00000000E+00 -0.96100000E+03 -0.96100000E+03
  0.10000000E+01  0.32258065E-01 -0.96100000E+03 -0.96100000E+03
  0.10000000E+01  0.64516129E-01  0.38458300E+03 -0.47273569E+02
  0.10000000E+01  0.96774194E-01 -0.64919775E+02 -0.87482142E+03
  0.10000000E+01  0.12903226E+00 -0.13639410E+06 -0.16278034E+03
  0.10000000E+01  0.16129032E+00 -0.10446701E+03 -0.10377895E+05
  0.10000000E+01  0.19354839E+00  0.10000000E+01 -0.96100000E+03
  0.10000000E+01  0.22580645E+00 -0.47025323E+02 -0.96100000E+03
  0.10000000E+01  0.25806452E+00  0.24025000E+03  0.13521905E+04
  0.10000000E+01  0.29032258E+00  0.15232959E+05 -0.68776081E+02
  0.10000000E+01  0.32258065E+00  0.38440000E+04  0.10000000E+01
  0.10000000E+01  0.35483871E+00 -0.28830000E+04  0.50000000E+00
  0.10000000E+01  0.38709677E+00  0.38440000E+04  0.10000000E+01
  0.10000000E+01  0.41935484E+00 -0.18070326E+05 -0.39585167E+02
  0.10000000E+01  0.45161290E+00 -0.68438619E+02  0.24025000E+03
  0.10000000E+01  0.48387097E+00 -0.96100000E+03  0.14522854E+05
  0.10000000E+01  0.51612903E+00 -0.96100000E+03  0.38440000E+04
  0.10000000E+01  0.54838710E+00 -0.45315851E+02 -0.15401417E+05
  0.10000000E+01  0.58064516E+00 -0.54691844E+04 -0.68180573E+02
  0.10000000E+01  0.61290323E+00 -0.93209483E+02 -0.50885542E+04
  0.10000000E+01  0.64516129E+00 -0.54538339E+04 -0.94072448E+02
  0.10000000E+01  0.67741935E+00 -0.96100000E+03 -0.96100000E+03
  0.10000000E+01  0.70967742E+00 -0.96100000E+03 -0.96100000E+03
  0.10000000E+01  0.74193548E+00  0.94403719E+03 -0.43941097E+02
  0.10000000E+01  0.77419355E+00 -0.59505549E+02 -0.53265492E+03
  0.10000000E+01  0.80645161E+00  0.10000000E+01 -0.96100000E+03
  0.10000000E+01  0.83870968E+00 -0.77895010E+02  0.11648175E+04
  0.10000000E+01  0.87096774E+00  0.10000000E+01 -0.96100000E+03
  0.10000000E+01  0.90322581E+00 -0.70326818E+02 -0.96100000E+03
  0.10000000E+01  0.93548387E+00  0.24025000E+03 -0.10184771E+04
  0.10000000E+01  0.96774194E+00  0.15381357E+05 -0.53087932E+02
  0.10000000E+01  0.10000000E+01  0.38440000E+04  0.10000000E+01
