  32  32
  0.99995159E+00  0.99971890E+00
  0.00000000E+00  0.00000000E+00  0.31169804E+00  0.67192582E-01
  0.00000000E+00  0.32258065E-01  0.59190078E+00  0.90619032E-01
  0.00000000E+00  0.64516129E-01  0.77862626E+00  0.41027135E+00
  0.00000000E+00  0.96774194E-01  0.73249195E+00  0.39200945E+00
  0.00000000E+00  0.12903226E+00  0.59461195E+00  0.91281122E+00
  0.00000000E+00  0.16129032E+00  0.85495633E+00  0.22881820E-01
  0.00000000E+00  0.19354839E+00  0.42071050E+00  0.60776312E+00
  0.00000000E+00  0.22580645E+00  0.68463459E+00  0.50443042E-01
  0.00000000E+00  0.25806452E+00  0.59342282E+00  0.89346494E+00
  0.00000000E+00  0.29032258E+00  0.71606292E+00  0.50103699E+00
  0.00000000E+00  0.32258065E+00  0.31219541E+00  0.72114153E+00
  0.00000000E+00  0.35483871E+00  0.40047309E+00  0.54764448E+00
  0.00000000E+00  0.38709677E+00  0.82692031E+00  0.78240469E+00
  0.00000000E+00  0.41935484E+00  0.33329241E+00  0.69738332E+00
  0.00000000E+00  0.45161290E+00  0.62543510E+00  0.69675320E+00
  0.00000000E+00  0.48387097E+00  0.44164378E+00  0.97900826E+00
  0.00000000E+00  0.51612903E+00  0.62102295E+00  0.19907281E+00
  0.00000000E+00  0.54838710E+00  0.17184561E+00  0.13041101E+00
  0.00000000E+00  0.58064516E+00  0.33991257E+00  0.32713620E+00
  0.00000000E+00  0.61290323E+00  0.67691189E+00  0.78612027E+00
  0.00000000E+00  0.64516129E+00  0.10877822E+00  0.60910305E+00
  0.00000000E+00  0.67741935E+00  0.40521785E-02  0.66480167E+00
  0.00000000E+00  0.70967742E+00  0.24223973E+00  0.25101997E+00
  0.00000000E+00  0.74193548E+00  0.28217157E+00  0.75675782E+00
  0.00000000E+00  0.77419355E+00  0.23036248E+00  0.32432056E+00
  0.00000000E+00  0.80645161E+00  0.90937073E+00  0.51142830E+00
  0.00000000E+00  0.83870968E+00  0.92615741E+00  0.95332537E+00
  0.00000000E+00  0.87096774E+00  0.74044587E+00  0.24889633E-01
  0.00000000E+00  0.90322581E+00  0.73308101E+00  0.50274191E+00
  0.00000000E+00  0.93548387E+00  0.27438876E+00  0.22735532E+00
  0.00000000E+00  0.96774194E+00  0.79253534E+00  0.76516466E+00
  0.00000000E+00  0.10000000E+01  0.84188673E+00  0.70675811E-01
  0.32258065E-01  0.00000000E+00  0.13795230E+00  0.75988775E+00
  0.32258065E-01  0.32258065E-01  0.27211746E-01  0.60296465E+00
  0.32258065E-01  0.64516129E-01  0.61386693E+00  0.35000812E+00
  0.32258065E-01  0.96774194E-01  0.54309107E+00  0.68236816E+00
  0.32258065E-01  0.12903226E+00  0.84132304E+00  0.86496142E+00
  0.32258065E-01  0.16129032E+00  0.29712672E+00  0.72088062E+00
  0.32258065E-01  0.19354839E+00  0.84205039E+00  0.60600387E+00
  0.32258065E-01  0.22580645E+00  0.93148607E+00  0.38360408E+00
  0.32258065E-01  0.25806452E+00  0.92552896E+00  0.39895833E+00
  0.32258065E-01  0.29032258E+00  0.46983674E+00  0.45395724E+00
  0.32258065E-01  0.32258065E+00  0.87648901E+00  0.78171433E+00
  0.32258065E-01  0.35483871E+00  0.50484660E+00  0.21175445E-01
  0.32258065E-01  0.38709677E+00  0.14241100E+00  0.19172806E+00
  0.32258065E-01  0.41935484E+00  0.38568374E+00  0.66781071E+00
  0.32258065E-01  0.45161290E+00  0.21025686E-01  0.15352233E+00
  0.32258065E-01  0.48387097E+00  0.40551652E+00  0.65723167E+00
  0.32258065E-01  0.51612903E+00  0.84781402E+00  0.46618663E+00
  0.32258065E-01  0.54838710E+00  0.98901353E+00  0.12112364E+00
  0.32258065E-01  0.58064516E+00  0.18350724E+00  0.39087707E+00
  0.32258065E-01  0.61290323E+00  0.87984362E+00  0.24698857E+00
  0.32258065E-01  0.64516129E+00  0.15867855E-02  0.83831644E+00
  0.32258065E-01  0.67741935E+00  0.32817586E+00  0.46564505E+00
  0.32258065E-01  0.70967742E+00  0.87578437E+00  0.55629417E+00
  0.32258065E-01  0.74193548E+00  0.27817960E+00  0.63872835E+00
  0.32258065E-01  0.77419355E+00  0.16758195E+00  0.31716633E+00
  0.32258065E-01  0.80645161E+00  0.55552438E+00  0.24619037E+00
  0.32258065E-01  0.83870968E+00  0.21371172E+00  0.10535565E+00
  0.32258065E-01  0.87096774E+00  0.54880046E-01  0.57379965E+00
  0.32258065E-01  0.90322581E+00  0.51365610E+00  0.30485151E+00
  0.32258065E-01  0.93548387E+00  0.92741664E+00  0.90064140E+00
  0.32258065E-01  0.96774194E+00  0.91714779E+00  0.88670993E+00
  0.32258065E-01  0.10000000E+01  0.76830447E+00  0.68661749E+00
  0.64516129E-01  0.00000000E+00  0.63358241E-01  0.46712561E+00
  0.64516129E-01  0.32258065E-01  0.79665691E+00  0.73121047E+00
  0.64516129E-01  0.64516129E-01  0.16458273E+00  0.30562004E+00
  0.64516129E-01  0.96774194E-01  0.88288112E+00  0.66226723E+00
  0.64516129E-01  0.12903226E+00  0.96597811E-01  0.53259599E+00
  0.64516129E-01  0.16129032E+00  0.73438231E-01  0.19469067E+00
  0.64516129E-01  0.19354839E+00  0.89712685E+00  0.76038539E+00
  0.64516129E-01  0.22580645E+00  0.16076657E+00  0.46237339E+00
  0.64516129E-01  0.25806452E+00  0.66019811E+00  0.94131647E+00
  0.64516129E-01  0.29032258E+00  0.87359375E-01  0.53295430E+00
  0.64516129E-01  0.32258065E+00  0.72364482E+00  0.55521383E+00
  0.64516129E-01  0.35483871E+00  0.13326483E+00  0.59531866E+00
  0.64516129E-01  0.38709677E+00  0.85660510E+00  0.79689839E+00
  0.64516129E-01  0.41935484E+00  0.10358603E+00  0.14709805E+00
  0.64516129E-01  0.45161290E+00  0.44702204E+00  0.76368742E+00
  0.64516129E-01  0.48387097E+00  0.51598102E+00  0.18217042E+00
  0.64516129E-01  0.51612903E+00  0.68914365E+00  0.64289451E+00
  0.64516129E-01  0.54838710E+00  0.78816278E+00  0.37816003E+00
  0.64516129E-01  0.58064516E+00  0.77102285E+00  0.89932961E+00
  0.64516129E-01  0.61290323E+00  0.42539921E+00  0.28393750E+00
  0.64516129E-01  0.64516129E+00  0.62017523E-01  0.46279899E+00
  0.64516129E-01  0.67741935E+00  0.20801314E+00  0.50711976E+00
  0.64516129E-01  0.70967742E+00  0.30029046E+00  0.91560527E+00
  0.64516129E-01  0.74193548E+00  0.37888234E+00  0.90157011E+00
  0.64516129E-01  0.77419355E+00  0.78030940E+00  0.68004740E+00
  0.64516129E-01  0.80645161E+00  0.83093950E+00  0.75489816E+00
  0.64516129E-01  0.83870968E+00  0.54034701E+00  0.20592067E+00
  0.64516129E-01  0.87096774E+00  0.29467226E+00  0.97595987E+00
  0.64516129E-01  0.90322581E+00  0.54998088E+00  0.15801671E+00
  0.64516129E-01  0.93548387E+00  0.52562318E+00  0.28235755E+00
  0.64516129E-01  0.96774194E+00  0.89759353E+00  0.60362349E+00
  0.64516129E-01  0.10000000E+01  0.49188975E+00  0.38793982E+00
  0.96774194E-01  0.00000000E+00  0.89637106E+00  0.51931012E+00
  0.96774194E-01  0.32258065E-01  0.12363470E-01  0.22957104E-01
  0.96774194E-01  0.64516129E-01  0.28285329E+00  0.36087808E+00
  0.96774194E-01  0.96774194E-01  0.29708133E+00  0.32366131E+00
  0.96774194E-01  0.12903226E+00  0.25638904E+00  0.42840606E+00
  0.96774194E-01  0.16129032E+00  0.98007779E+00  0.51833197E+00
  0.96774194E-01  0.19354839E+00  0.91126836E+00  0.36238844E+00
  0.96774194E-01  0.22580645E+00  0.12276022E+00  0.25486399E+00
  0.96774194E-01  0.25806452E+00  0.32289095E+00  0.61499564E+00
  0.96774194E-01  0.29032258E+00  0.86139561E+00  0.58657830E+00
  0.96774194E-01  0.32258065E+00  0.73526610E+00  0.63757411E+00
  0.96774194E-01  0.35483871E+00  0.59461056E+00  0.15972185E+00
  0.96774194E-01  0.38709677E+00  0.74851273E+00  0.68146300E-01
  0.96774194E-01  0.41935484E+00  0.17089132E+00  0.40096762E+00
  0.96774194E-01  0.45161290E+00  0.50635938E+00  0.91891072E+00
  0.96774194E-01  0.48387097E+00  0.76083721E-01  0.70491462E+00
  0.96774194E-01  0.51612903E+00  0.88364422E+00  0.76374187E+00
  0.96774194E-01  0.54838710E+00  0.62089324E+00  0.62158788E+00
  0.96774194E-01  0.58064516E+00  0.67381501E+00  0.92569032E+00
  0.96774194E-01  0.61290323E+00  0.12838496E+00  0.43938462E-01
  0.96774194E-01  0.64516129E+00  0.77642915E+00  0.66448261E+00
  0.96774194E-01  0.67741935E+00  0.12148360E+00  0.39534344E+00
  0.96774194E-01  0.70967742E+00  0.38465367E+00  0.36402136E+00
  0.96774194E-01  0.74193548E+00  0.51047346E+00  0.81710592E+00
  0.96774194E-01  0.77419355E+00  0.17276519E+00  0.71988517E+00
  0.96774194E-01  0.80645161E+00  0.78049851E+00  0.35595504E+00
  0.96774194E-01  0.83870968E+00  0.48364996E+00  0.92682869E+00
  0.96774194E-01  0.87096774E+00  0.17906230E+00  0.15154595E+00
  0.96774194E-01  0.90322581E+00  0.51630388E+00  0.86628260E+00
  0.96774194E-01  0.93548387E+00  0.90352802E+00  0.62395984E+00
  0.96774194E-01  0.96774194E+00  0.51333241E+00  0.29385359E+00
  0.96774194E-01  0.10000000E+01  0.28861846E+00  0.66120392E+00
  0.12903226E+00  0.00000000E+00  0.66404185E+00  0.95644110E+00
  0.12903226E+00  0.32258065E-01  0.80135419E+00  0.34476391E+00
  0.12903226E+00  0.64516129E-01  0.32007336E+00  0.53890126E+00
  0.12903226E+00  0.96774194E-01  0.41487488E+00  0.73512808E+00
  0.12903226E+00  0.12903226E+00  0.39760081E+00  0.30172592E+00
  0.12903226E+00  0.16129032E+00  0.15619119E-01  0.69109230E+00
  0.12903226E+00  0.19354839E+00  0.77018302E+00  0.35185013E+00
  0.12903226E+00  0.22580645E+00  0.23479038E+00  0.64095702E+00
  0.12903226E+00  0.25806452E+00  0.37354309E+00  0.73581469E+00
  0.12903226E+00  0.29032258E+00  0.85950642E+00  0.54637835E+00
  0.12903226E+00  0.32258065E+00  0.39306843E+00  0.62726608E+00
  0.12903226E+00  0.35483871E+00  0.20299316E-01  0.89868163E-01
  0.12903226E+00  0.38709677E+00  0.45131078E+00  0.51445651E+00
  0.12903226E+00  0.41935484E+00  0.37861544E+00  0.86229401E+00
  0.12903226E+00  0.45161290E+00  0.79548617E+00  0.38774391E+00
  0.12903226E+00  0.48387097E+00  0.31431548E+00  0.55037918E+00
  0.12903226E+00  0.51612903E+00  0.48497492E+00  0.92709190E+00
  0.12903226E+00  0.54838710E+00  0.11317443E+00  0.12420265E+00
  0.12903226E+00  0.58064516E+00  0.57882169E+00  0.68956984E+00
  0.12903226E+00  0.61290323E+00  0.15438158E+00  0.24699133E-01
  0.12903226E+00  0.64516129E+00  0.32323543E+00  0.29685278E+00
  0.12903226E+00  0.67741935E+00  0.98040532E-01  0.35115904E+00
  0.12903226E+00  0.70967742E+00  0.33908940E+00  0.62272150E+00
  0.12903226E+00  0.74193548E+00  0.72669206E-01  0.48728498E-01
  0.12903226E+00  0.77419355E+00  0.80942115E+00  0.98056247E+00
  0.12903226E+00  0.80645161E+00  0.86269982E+00  0.95909352E-01
  0.12903226E+00  0.83870968E+00  0.66693256E+00  0.31086791E+00
  0.12903226E+00  0.87096774E+00  0.95978887E-01  0.69205915E+00
  0.12903226E+00  0.90322581E+00  0.78148981E+00  0.36873571E+00
  0.12903226E+00  0.93548387E+00  0.43126725E+00  0.44489117E+00
  0.12903226E+00  0.96774194E+00  0.14762338E+00  0.91136950E+00
  0.12903226E+00  0.10000000E+01  0.74574004E+00  0.55797439E+00
  0.16129032E+00  0.00000000E+00  0.82828198E+00  0.49794319E+00
  0.16129032E+00  0.32258065E-01  0.13226183E+00  0.40908809E+00
  0.16129032E+00  0.64516129E-01  0.78500351E+00  0.75064672E+00
  0.16129032E+00  0.96774194E-01  0.97218207E+00  0.58885033E+00
  0.16129032E+00  0.12903226E+00  0.11470630E-01  0.77344802E+00
  0.16129032E+00  0.16129032E+00  0.98339976E+00  0.16231609E+00
  0.16129032E+00  0.19354839E+00  0.36221682E+00  0.84606744E+00
  0.16129032E+00  0.22580645E+00  0.64674538E+00  0.37266093E+00
  0.16129032E+00  0.25806452E+00  0.99124456E+00  0.97201075E+00
  0.16129032E+00  0.29032258E+00  0.83626840E+00  0.78059580E+00
  0.16129032E+00  0.32258065E+00  0.53952530E+00  0.66069079E-01
  0.16129032E+00  0.35483871E+00  0.67372928E-02  0.45186705E+00
  0.16129032E+00  0.38709677E+00  0.32249951E+00  0.14181899E+00
  0.16129032E+00  0.41935484E+00  0.38113950E+00  0.14475643E+00
  0.16129032E+00  0.45161290E+00  0.51757665E+00  0.49912244E+00
  0.16129032E+00  0.48387097E+00  0.13818149E+00  0.49758109E+00
  0.16129032E+00  0.51612903E+00  0.35163516E+00  0.91162678E+00
  0.16129032E+00  0.54838710E+00  0.59978870E+00  0.21619360E+00
  0.16129032E+00  0.58064516E+00  0.28852249E+00  0.81426475E+00
  0.16129032E+00  0.61290323E+00  0.41860557E+00  0.26148189E+00
  0.16129032E+00  0.64516129E+00  0.21655507E+00  0.49075452E+00
  0.16129032E+00  0.67741935E+00  0.76549554E+00  0.36869337E-01
  0.16129032E+00  0.70967742E+00  0.63601835E+00  0.26109964E+00
  0.16129032E+00  0.74193548E+00  0.51704104E+00  0.57581468E+00
  0.16129032E+00  0.77419355E+00  0.84666673E+00  0.66908906E+00
  0.16129032E+00  0.80645161E+00  0.44304348E+00  0.72931208E+00
  0.16129032E+00  0.83870968E+00  0.13522365E+00  0.66979714E+00
  0.16129032E+00  0.87096774E+00  0.39402329E+00  0.35339109E+00
  0.16129032E+00  0.90322581E+00  0.96288152E+00  0.81708363E+00
  0.16129032E+00  0.93548387E+00  0.48871988E+00  0.49661667E+00
  0.16129032E+00  0.96774194E+00  0.15280174E+00  0.45109369E+00
  0.16129032E+00  0.10000000E+01  0.30159165E+00  0.58758917E+00
  0.19354839E+00  0.00000000E+00  0.17771059E+00  0.21254326E+00
  0.19354839E+00  0.32258065E-01  0.19186952E+00  0.93379948E-01
  0.19354839E+00  0.64516129E-01  0.27940528E+00  0.63742947E+00
  0.19354839E+00  0.96774194E-01  0.69329212E+00  0.75326670E+00
  0.19354839E+00  0.12903226E+00  0.53059952E+00  0.98011225E-01
  0.19354839E+00  0.16129032E+00  0.67585155E+00  0.61443669E+00
  0.19354839E+00  0.19354839E+00  0.74438629E+00  0.68080183E-01
  0.19354839E+00  0.22580645E+00  0.25715150E-01  0.58435161E+00
  0.19354839E+00  0.25806452E+00  0.42688228E+00  0.18564307E+00
  0.19354839E+00  0.29032258E+00  0.41582393E+00  0.32843823E+00
  0.19354839E+00  0.32258065E+00  0.96472783E+00  0.44042171E+00
  0.19354839E+00  0.35483871E+00  0.49339257E+00  0.45758843E+00
  0.19354839E+00  0.38709677E+00  0.81258698E+00  0.36135301E+00
  0.19354839E+00  0.41935484E+00  0.67409476E-01  0.71565914E+00
  0.19354839E+00  0.45161290E+00  0.68064746E+00  0.20408896E+00
  0.19354839E+00  0.48387097E+00  0.29613669E+00  0.16697241E+00
  0.19354839E+00  0.51612903E+00  0.72212065E+00  0.13849664E+00
  0.19354839E+00  0.54838710E+00  0.87460995E+00  0.38381537E+00
  0.19354839E+00  0.58064516E+00  0.72074165E+00  0.43615824E+00
  0.19354839E+00  0.61290323E+00  0.22213869E+00  0.63394023E+00
  0.19354839E+00  0.64516129E+00  0.27826922E+00  0.65787100E+00
  0.19354839E+00  0.67741935E+00  0.66980600E+00  0.68064291E-01
  0.19354839E+00  0.70967742E+00  0.19857916E-02  0.84114728E+00
  0.19354839E+00  0.74193548E+00  0.64796868E+00  0.90736995E+00
  0.19354839E+00  0.77419355E+00  0.69219750E+00  0.68771450E+00
  0.19354839E+00  0.80645161E+00  0.87375719E+00  0.63100469E+00
  0.19354839E+00  0.83870968E+00  0.52973416E+00  0.75101520E+00
  0.19354839E+00  0.87096774E+00  0.53857568E+00  0.16358106E+00
  0.19354839E+00  0.90322581E+00  0.26344925E+00  0.62370698E+00
  0.19354839E+00  0.93548387E+00  0.49560198E+00  0.62676737E-01
  0.19354839E+00  0.96774194E+00  0.39771995E+00  0.12516255E+00
  0.19354839E+00  0.10000000E+01  0.44728760E+00  0.70633445E+00
  0.22580645E+00  0.00000000E+00  0.40683097E+00  0.51327171E+00
  0.22580645E+00  0.32258065E-01  0.29032484E+00  0.13276980E+00
  0.22580645E+00  0.64516129E-01  0.84471042E+00  0.32766983E-01
  0.22580645E+00  0.96774194E-01  0.50690505E+00  0.88804614E+00
  0.22580645E+00  0.12903226E+00  0.15478410E+00  0.62797732E+00
  0.22580645E+00  0.16129032E+00  0.36304032E+00  0.28612712E+00
  0.22580645E+00  0.19354839E+00  0.65904325E+00  0.84986808E+00
  0.22580645E+00  0.22580645E+00  0.77869857E+00  0.10998799E+00
  0.22580645E+00  0.25806452E+00  0.92230750E+00  0.51029938E+00
  0.22580645E+00  0.29032258E+00  0.10426124E-01  0.99724877E+00
  0.22580645E+00  0.32258065E+00  0.93972483E+00  0.86952613E+00
  0.22580645E+00  0.35483871E+00  0.83884764E+00  0.62767423E+00
  0.22580645E+00  0.38709677E+00  0.32427160E+00  0.82369802E+00
  0.22580645E+00  0.41935484E+00  0.75616617E+00  0.91067396E+00
  0.22580645E+00  0.45161290E+00  0.49425255E+00  0.92359488E-01
  0.22580645E+00  0.48387097E+00  0.15366311E+00  0.17280230E+00
  0.22580645E+00  0.51612903E+00  0.86080075E+00  0.40594978E+00
  0.22580645E+00  0.54838710E+00  0.50919826E+00  0.34525836E+00
  0.22580645E+00  0.58064516E+00  0.15377686E-01  0.69330289E+00
  0.22580645E+00  0.61290323E+00  0.57470975E+00  0.15138603E+00
  0.22580645E+00  0.64516129E+00  0.91727318E+00  0.26914761E+00
  0.22580645E+00  0.67741935E+00  0.56371411E+00  0.29417400E+00
  0.22580645E+00  0.70967742E+00  0.81105444E-01  0.21607491E-01
  0.22580645E+00  0.74193548E+00  0.33880623E+00  0.64375569E+00
  0.22580645E+00  0.77419355E+00  0.76432104E+00  0.59970087E+00
  0.22580645E+00  0.80645161E+00  0.59915936E+00  0.42490934E+00
  0.22580645E+00  0.83870968E+00  0.15469492E+00  0.60084085E+00
  0.22580645E+00  0.87096774E+00  0.68025124E-01  0.40455793E+00
  0.22580645E+00  0.90322581E+00  0.55783039E+00  0.75833531E+00
  0.22580645E+00  0.93548387E+00  0.68023352E+00  0.79269244E-01
  0.22580645E+00  0.96774194E+00  0.58465912E+00  0.12888692E+00
  0.22580645E+00  0.10000000E+01  0.76969292E+00  0.86275582E+00
  0.25806452E+00  0.00000000E+00  0.13309092E+00  0.67072702E+00
  0.25806452E+00  0.32258065E-01  0.26854416E+00  0.18545489E+00
  0.25806452E+00  0.64516129E-01  0.10370229E+00  0.36126355E-01
  0.25806452E+00  0.96774194E-01  0.78523261E-01  0.29493306E+00
  0.25806452E+00  0.12903226E+00  0.74305146E+00  0.52321194E+00
  0.25806452E+00  0.16129032E+00  0.32577709E+00  0.93355461E+00
  0.25806452E+00  0.19354839E+00  0.30199557E+00  0.55191667E+00
  0.25806452E+00  0.22580645E+00  0.96216685E+00  0.37972717E+00
  0.25806452E+00  0.25806452E+00  0.98027484E+00  0.55599789E+00
  0.25806452E+00  0.29032258E+00  0.98218678E+00  0.51943282E+00
  0.25806452E+00  0.32258065E+00  0.11401256E+00  0.17053742E+00
  0.25806452E+00  0.35483871E+00  0.61046417E+00  0.33728095E-01
  0.25806452E+00  0.38709677E+00  0.36321504E+00  0.41944152E+00
  0.25806452E+00  0.41935484E+00  0.48925939E+00  0.58624401E+00
  0.25806452E+00  0.45161290E+00  0.89927167E+00  0.90294094E+00
  0.25806452E+00  0.48387097E+00  0.86596586E+00  0.10686044E-01
  0.25806452E+00  0.51612903E+00  0.59245489E+00  0.98509087E+00
  0.25806452E+00  0.54838710E+00  0.78061003E+00  0.49833412E+00
  0.25806452E+00  0.58064516E+00  0.19942021E+00  0.98127099E+00
  0.25806452E+00  0.61290323E+00  0.25335145E+00  0.78554263E+00
  0.25806452E+00  0.64516129E+00  0.55070619E+00  0.34568542E+00
  0.25806452E+00  0.67741935E+00  0.47198269E+00  0.34124043E+00
  0.25806452E+00  0.70967742E+00  0.73823442E+00  0.85886275E+00
  0.25806452E+00  0.74193548E+00  0.97942940E+00  0.55443086E+00
  0.25806452E+00  0.77419355E+00  0.30280959E+00  0.81515603E+00
  0.25806452E+00  0.80645161E+00  0.86125027E+00  0.92169169E+00
  0.25806452E+00  0.83870968E+00  0.42161941E+00  0.21024278E+00
  0.25806452E+00  0.87096774E+00  0.93313705E+00  0.23467517E+00
  0.25806452E+00  0.90322581E+00  0.95734675E-01  0.92862498E+00
  0.25806452E+00  0.93548387E+00  0.92841457E+00  0.76760800E+00
  0.25806452E+00  0.96774194E+00  0.33760922E+00  0.93112906E+00
  0.25806452E+00  0.10000000E+01  0.68554068E+00  0.46479138E+00
  0.29032258E+00  0.00000000E+00  0.22907043E+00  0.59114579E-01
  0.29032258E+00  0.32258065E-01  0.76371350E-01  0.45337617E+00
  0.29032258E+00  0.64516129E-01  0.84459434E+00  0.36742332E-01
  0.29032258E+00  0.96774194E-01  0.47289848E+00  0.68571011E+00
  0.29032258E+00  0.12903226E+00  0.93942331E+00  0.91649555E+00
  0.29032258E+00  0.16129032E+00  0.14214825E+00  0.35964307E+00
  0.29032258E+00  0.19354839E+00  0.77975195E+00  0.23463488E+00
  0.29032258E+00  0.22580645E+00  0.23247166E+00  0.82450028E+00
  0.29032258E+00  0.25806452E+00  0.44296263E+00  0.95042512E+00
  0.29032258E+00  0.29032258E+00  0.79715746E+00  0.44636110E+00
  0.29032258E+00  0.32258065E+00  0.51254808E-02  0.63363522E+00
  0.29032258E+00  0.35483871E+00  0.98193213E+00  0.79555907E+00
  0.29032258E+00  0.38709677E+00  0.72849835E+00  0.65203829E+00
  0.29032258E+00  0.41935484E+00  0.21245991E+00  0.83418186E+00
  0.29032258E+00  0.45161290E+00  0.24902684E+00  0.35891157E+00
  0.29032258E+00  0.48387097E+00  0.38184277E+00  0.10357130E+00
  0.29032258E+00  0.51612903E+00  0.76384430E+00  0.28053647E+00
  0.29032258E+00  0.54838710E+00  0.38120424E-01  0.91182336E+00
  0.29032258E+00  0.58064516E+00  0.21877183E+00  0.30369853E+00
  0.29032258E+00  0.61290323E+00  0.57177034E+00  0.52128817E+00
  0.29032258E+00  0.64516129E+00  0.49581826E+00  0.86318747E+00
  0.29032258E+00  0.67741935E+00  0.40320773E+00  0.33607001E+00
  0.29032258E+00  0.70967742E+00  0.60068016E+00  0.12929713E+00
  0.29032258E+00  0.74193548E+00  0.17028554E+00  0.89527305E-01
  0.29032258E+00  0.77419355E+00  0.85024186E+00  0.19532552E+00
  0.29032258E+00  0.80645161E+00  0.91579447E+00  0.31772633E-01
  0.29032258E+00  0.83870968E+00  0.60075439E-01  0.26507478E+00
  0.29032258E+00  0.87096774E+00  0.27496296E+00  0.11717273E+00
  0.29032258E+00  0.90322581E+00  0.73194070E+00  0.84035123E+00
  0.29032258E+00  0.93548387E+00  0.66295719E+00  0.19184846E+00
  0.29032258E+00  0.96774194E+00  0.24128519E+00  0.90846532E+00
  0.29032258E+00  0.10000000E+01  0.46238109E+00  0.18117486E+00
  0.32258065E+00  0.00000000E+00  0.12137185E+00  0.74026649E+00
  0.32258065E+00  0.32258065E-01  0.84524617E+00  0.90607939E+00
  0.32258065E+00  0.64516129E-01  0.23094113E+00  0.36558892E+00
  0.32258065E+00  0.96774194E-01  0.17714977E+00  0.36304926E+00
  0.32258065E+00  0.12903226E+00  0.99770531E+00  0.36522949E-01
  0.32258065E+00  0.16129032E+00  0.61494050E+00  0.20499027E+00
  0.32258065E+00  0.19354839E+00  0.75304697E+00  0.15545862E+00
  0.32258065E+00  0.22580645E+00  0.13143464E+00  0.43007188E+00
  0.32258065E+00  0.25806452E+00  0.65809108E+00  0.61321982E+00
  0.32258065E+00  0.29032258E+00  0.62294089E+00  0.11864741E+00
  0.32258065E+00  0.32258065E+00  0.89120507E+00  0.97656426E+00
  0.32258065E+00  0.35483871E+00  0.96760394E-01  0.62075398E+00
  0.32258065E+00  0.38709677E+00  0.83549879E+00  0.67568353E+00
  0.32258065E+00  0.41935484E+00  0.85868672E+00  0.74361260E+00
  0.32258065E+00  0.45161290E+00  0.26632453E+00  0.19170300E+00
  0.32258065E+00  0.48387097E+00  0.70050586E+00  0.93912806E+00
  0.32258065E+00  0.51612903E+00  0.53877700E+00  0.24418193E+00
  0.32258065E+00  0.54838710E+00  0.87496259E-01  0.49138903E+00
  0.32258065E+00  0.58064516E+00  0.77519335E+00  0.97861338E+00
  0.32258065E+00  0.61290323E+00  0.34592877E+00  0.70416800E+00
  0.32258065E+00  0.64516129E+00  0.52653161E-01  0.15392427E+00
  0.32258065E+00  0.67741935E+00  0.85056669E+00  0.88421314E-01
  0.32258065E+00  0.70967742E+00  0.59047844E+00  0.32997536E+00
  0.32258065E+00  0.74193548E+00  0.21216575E+00  0.54978913E+00
  0.32258065E+00  0.77419355E+00  0.93773363E+00  0.55061216E-01
  0.32258065E+00  0.80645161E+00  0.46497411E+00  0.57609545E+00
  0.32258065E+00  0.83870968E+00  0.16072561E+00  0.53410282E-01
  0.32258065E+00  0.87096774E+00  0.25423235E+00  0.42484814E+00
  0.32258065E+00  0.90322581E+00  0.30503678E-01  0.41268482E+00
  0.32258065E+00  0.93548387E+00  0.23673492E-01  0.31073886E+00
  0.32258065E+00  0.96774194E+00  0.21035958E+00  0.77148093E+00
  0.32258065E+00  0.10000000E+01  0.20302300E+00  0.59314315E+00
  0.35483871E+00  0.00000000E+00  0.57702961E+00  0.85438391E+00
  0.35483871E+00  0.32258065E-01  0.84173908E+00  0.80629977E+00
  0.35483871E+00  0.64516129E-01  0.76778099E-01  0.69134085E+00
  0.35483871E+00  0.96774194E-01  0.16448833E+00  0.53488479E+00
  0.35483871E+00  0.12903226E+00  0.41327687E+00  0.80122257E+00
  0.35483871E+00  0.16129032E+00  0.63475649E-01  0.49316790E+00
  0.35483871E+00  0.19354839E+00  0.79320078E+00  0.25166657E+00
  0.35483871E+00  0.22580645E+00  0.22421196E+00  0.45540584E+00
  0.35483871E+00  0.25806452E+00  0.42777182E+00  0.32042384E+00
  0.35483871E+00  0.29032258E+00  0.43050530E+00  0.99971890E+00
  0.35483871E+00  0.32258065E+00  0.72025907E+00  0.68285894E+00
  0.35483871E+00  0.35483871E+00  0.75196083E+00  0.69559087E+00
  0.35483871E+00  0.38709677E+00  0.45347875E+00  0.59944993E+00
  0.35483871E+00  0.41935484E+00  0.73148082E+00  0.29136909E+00
  0.35483871E+00  0.45161290E+00  0.97729420E+00  0.10328840E+00
  0.35483871E+00  0.48387097E+00  0.57276466E+00  0.90176440E+00
  0.35483871E+00  0.51612903E+00  0.39611588E+00  0.18757946E+00
  0.35483871E+00  0.54838710E+00  0.32780888E+00  0.19535118E+00
  0.35483871E+00  0.58064516E+00  0.75640135E+00  0.99314175E+00
  0.35483871E+00  0.61290323E+00  0.84407094E-01  0.58206733E+00
  0.35483871E+00  0.64516129E+00  0.23415532E+00  0.99590744E+00
  0.35483871E+00  0.67741935E+00  0.15365007E+00  0.40071429E+00
  0.35483871E+00  0.70967742E+00  0.32242958E+00  0.19442222E+00
  0.35483871E+00  0.74193548E+00  0.25742567E+00  0.10645701E+00
  0.35483871E+00  0.77419355E+00  0.18823084E-01  0.29734531E+00
  0.35483871E+00  0.80645161E+00  0.71591889E+00  0.45832397E+00
  0.35483871E+00  0.83870968E+00  0.12981868E-01  0.91094945E+00
  0.35483871E+00  0.87096774E+00  0.63511184E+00  0.70670717E+00
  0.35483871E+00  0.90322581E+00  0.87409911E+00  0.72662091E+00
  0.35483871E+00  0.93548387E+00  0.94283753E-01  0.78086214E+00
  0.35483871E+00  0.96774194E+00  0.23841508E+00  0.70835947E+00
  0.35483871E+00  0.10000000E+01  0.33351097E+00  0.47640795E+00
  0.38709677E+00  0.00000000E+00  0.97173393E-01  0.91363348E+00
  0.38709677E+00  0.32258065E-01  0.79308514E+00  0.96280813E+00
  0.38709677E+00  0.64516129E-01  0.23702194E+00  0.10276986E+00
  0.38709677E+00  0.96774194E-01  0.79497977E+00  0.40915998E+00
  0.38709677E+00  0.12903226E+00  0.92210981E-01  0.42015380E+00
  0.38709677E+00  0.16129032E+00  0.83158365E+00  0.54856993E+00
  0.38709677E+00  0.19354839E+00  0.61194097E+00  0.49397969E+00
  0.38709677E+00  0.22580645E+00  0.74646061E+00  0.65481647E+00
  0.38709677E+00  0.25806452E+00  0.81014131E-01  0.54048511E+00
  0.38709677E+00  0.29032258E+00  0.81252631E+00  0.18347128E+00
  0.38709677E+00  0.32258065E+00  0.30733453E+00  0.55145086E+00
  0.38709677E+00  0.35483871E+00  0.91954818E+00  0.95939929E+00
  0.38709677E+00  0.38709677E+00  0.80940801E+00  0.48170096E+00
  0.38709677E+00  0.41935484E+00  0.76164551E+00  0.36425861E+00
  0.38709677E+00  0.45161290E+00  0.38422520E-02  0.43660265E+00
  0.38709677E+00  0.48387097E+00  0.24789338E-01  0.52400058E+00
  0.38709677E+00  0.51612903E+00  0.39284671E+00  0.85956635E+00
  0.38709677E+00  0.54838710E+00  0.57430255E+00  0.49636974E+00
  0.38709677E+00  0.58064516E+00  0.75173266E+00  0.71954572E+00
  0.38709677E+00  0.61290323E+00  0.64235983E+00  0.45840385E+00
  0.38709677E+00  0.64516129E+00  0.31641320E+00  0.69853764E+00
  0.38709677E+00  0.67741935E+00  0.15487658E-01  0.89393390E+00
  0.38709677E+00  0.70967742E+00  0.97090320E+00  0.37908217E+00
  0.38709677E+00  0.74193548E+00  0.22206433E+00  0.78108406E+00
  0.38709677E+00  0.77419355E+00  0.43481938E+00  0.43176262E+00
  0.38709677E+00  0.80645161E+00  0.71981994E+00  0.77977173E+00
  0.38709677E+00  0.83870968E+00  0.45088021E+00  0.80270549E+00
  0.38709677E+00  0.87096774E+00  0.83336396E-01  0.41920754E+00
  0.38709677E+00  0.90322581E+00  0.97240603E+00  0.90108049E+00
  0.38709677E+00  0.93548387E+00  0.19154741E+00  0.28539529E+00
  0.38709677E+00  0.96774194E+00  0.35081894E+00  0.78660057E+00
  0.38709677E+00  0.10000000E+01  0.41523851E+00  0.20863203E+00
  0.41935484E+00  0.00000000E+00  0.18853676E+00  0.96448981E+00
  0.41935484E+00  0.32258065E-01  0.45067424E-01  0.41792694E+00
  0.41935484E+00  0.64516129E-01  0.95073991E+00  0.51400009E+00
  0.41935484E+00  0.96774194E-01  0.95571074E+00  0.82188783E+00
  0.41935484E+00  0.12903226E+00  0.21234932E+00  0.62938929E-01
  0.41935484E+00  0.16129032E+00  0.10609735E+00  0.83528172E+00
  0.41935484E+00  0.19354839E+00  0.38632818E+00  0.33843345E+00
  0.41935484E+00  0.22580645E+00  0.29720620E+00  0.97909681E-01
  0.41935484E+00  0.25806452E+00  0.70854619E+00  0.68983366E+00
  0.41935484E+00  0.29032258E+00  0.24667272E+00  0.46554569E+00
  0.41935484E+00  0.32258065E+00  0.42527952E+00  0.27621250E+00
  0.41935484E+00  0.35483871E+00  0.77628884E+00  0.19743662E+00
  0.41935484E+00  0.38709677E+00  0.98071086E+00  0.25386577E+00
  0.41935484E+00  0.41935484E+00  0.99950300E+00  0.14380224E+00
  0.41935484E+00  0.45161290E+00  0.20442938E+00  0.96381221E+00
  0.41935484E+00  0.48387097E+00  0.50892012E+00  0.93333521E+00
  0.41935484E+00  0.51612903E+00  0.49893075E+00  0.11929343E+00
  0.41935484E+00  0.54838710E+00  0.56380160E+00  0.16070112E+00
  0.41935484E+00  0.58064516E+00  0.27117129E-01  0.99327396E+00
  0.41935484E+00  0.61290323E+00  0.27756535E+00  0.57403843E+00
  0.41935484E+00  0.64516129E+00  0.89979717E+00  0.60594121E+00
  0.41935484E+00  0.67741935E+00  0.80528579E+00  0.26245852E+00
  0.41935484E+00  0.70967742E+00  0.36318603E+00  0.91220552E+00
  0.41935484E+00  0.74193548E+00  0.53119379E+00  0.84354567E+00
  0.41935484E+00  0.77419355E+00  0.98640535E+00  0.98920010E+00
  0.41935484E+00  0.80645161E+00  0.25617677E+00  0.65085703E+00
  0.41935484E+00  0.83870968E+00  0.84898327E+00  0.22378108E+00
  0.41935484E+00  0.87096774E+00  0.38527860E+00  0.92142270E+00
  0.41935484E+00  0.90322581E+00  0.72835441E+00  0.50002749E+00
  0.41935484E+00  0.93548387E+00  0.11519965E+00  0.98324563E+00
  0.41935484E+00  0.96774194E+00  0.28735991E+00  0.38674124E+00
  0.41935484E+00  0.10000000E+01  0.62179681E+00  0.44280172E+00
  0.45161290E+00  0.00000000E+00  0.49596758E+00  0.36286286E+00
  0.45161290E+00  0.32258065E-01  0.85602391E+00  0.77988029E+00
  0.45161290E+00  0.64516129E-01  0.94918011E+00  0.25641232E+00
  0.45161290E+00  0.96774194E-01  0.94786929E+00  0.10344100E+00
  0.45161290E+00  0.12903226E+00  0.16695964E+00  0.32727042E+00
  0.45161290E+00  0.16129032E+00  0.50711380E+00  0.66663607E+00
  0.45161290E+00  0.19354839E+00  0.89814822E+00  0.62981426E+00
  0.45161290E+00  0.22580645E+00  0.74239257E+00  0.53173143E+00
  0.45161290E+00  0.25806452E+00  0.35804908E+00  0.53107356E+00
  0.45161290E+00  0.29032258E+00  0.42255193E+00  0.66739557E+00
  0.45161290E+00  0.32258065E+00  0.41592662E+00  0.89823063E+00
  0.45161290E+00  0.35483871E+00  0.64149369E-01  0.13619959E+00
  0.45161290E+00  0.38709677E+00  0.78250644E+00  0.28612034E+00
  0.45161290E+00  0.41935484E+00  0.11895357E+00  0.28211718E+00
  0.45161290E+00  0.45161290E+00  0.19747531E+00  0.12473018E+00
  0.45161290E+00  0.48387097E+00  0.16144441E+00  0.91802460E+00
  0.45161290E+00  0.51612903E+00  0.61698119E+00  0.90670021E+00
  0.45161290E+00  0.54838710E+00  0.76312915E-01  0.51320071E+00
  0.45161290E+00  0.58064516E+00  0.40113319E+00  0.37482307E+00
  0.45161290E+00  0.61290323E+00  0.24596132E+00  0.38082695E+00
  0.45161290E+00  0.64516129E+00  0.50150166E+00  0.70954401E+00
  0.45161290E+00  0.67741935E+00  0.73800303E+00  0.86548736E+00
  0.45161290E+00  0.70967742E+00  0.64861808E+00  0.71646086E+00
  0.45161290E+00  0.74193548E+00  0.49276264E+00  0.53066855E+00
  0.45161290E+00  0.77419355E+00  0.53947513E+00  0.13824021E-01
  0.45161290E+00  0.80645161E+00  0.51077592E+00  0.34625975E+00
  0.45161290E+00  0.83870968E+00  0.25026681E-01  0.22003650E+00
  0.45161290E+00  0.87096774E+00  0.40289813E-01  0.87605273E+00
  0.45161290E+00  0.90322581E+00  0.29768777E+00  0.14115390E+00
  0.45161290E+00  0.93548387E+00  0.76476246E+00  0.46524190E+00
  0.45161290E+00  0.96774194E+00  0.78834626E-01  0.95838439E+00
  0.45161290E+00  0.10000000E+01  0.99036319E+00  0.42792421E+00
  0.48387097E+00  0.00000000E+00  0.25063322E+00  0.44609744E+00
  0.48387097E+00  0.32258065E-01  0.45647866E-01  0.98730016E+00
  0.48387097E+00  0.64516129E-01  0.49870949E+00  0.33525408E+00
  0.48387097E+00  0.96774194E-01  0.42986312E+00  0.53936302E+00
  0.48387097E+00  0.12903226E+00  0.22657666E+00  0.92852028E+00
  0.48387097E+00  0.16129032E+00  0.59960024E+00  0.46071805E+00
  0.48387097E+00  0.19354839E+00  0.33882562E+00  0.72656820E-01
  0.48387097E+00  0.22580645E+00  0.69145544E-01  0.29354686E-01
  0.48387097E+00  0.25806452E+00  0.63131266E-02  0.27375678E+00
  0.48387097E+00  0.29032258E+00  0.71280122E+00  0.77634462E+00
  0.48387097E+00  0.32258065E+00  0.85366181E+00  0.88474550E+00
  0.48387097E+00  0.35483871E+00  0.95238534E+00  0.67334185E+00
  0.48387097E+00  0.38709677E+00  0.14676016E+00  0.29288061E+00
  0.48387097E+00  0.41935484E+00  0.94473183E+00  0.32008263E+00
  0.48387097E+00  0.45161290E+00  0.98026255E+00  0.10725200E+00
  0.48387097E+00  0.48387097E+00  0.76919050E+00  0.13188548E+00
  0.48387097E+00  0.51612903E+00  0.46508922E+00  0.34628184E+00
  0.48387097E+00  0.54838710E+00  0.61512700E+00  0.52715123E+00
  0.48387097E+00  0.58064516E+00  0.91592626E+00  0.62522458E+00
  0.48387097E+00  0.61290323E+00  0.96942289E+00  0.11486295E+00
  0.48387097E+00  0.64516129E+00  0.38725656E-01  0.34366694E+00
  0.48387097E+00  0.67741935E+00  0.80397557E+00  0.88208601E+00
  0.48387097E+00  0.70967742E+00  0.11820525E+00  0.87302792E+00
  0.48387097E+00  0.74193548E+00  0.76319831E+00  0.38146804E+00
  0.48387097E+00  0.77419355E+00  0.20534875E+00  0.74405879E+00
  0.48387097E+00  0.80645161E+00  0.35152027E+00  0.91873895E+00
  0.48387097E+00  0.83870968E+00  0.30490574E+00  0.83434310E+00
  0.48387097E+00  0.87096774E+00  0.12088647E+00  0.74021093E+00
  0.48387097E+00  0.90322581E+00  0.56289166E+00  0.55579667E+00
  0.48387097E+00  0.93548387E+00  0.85825777E+00  0.22027844E+00
  0.48387097E+00  0.96774194E+00  0.45408785E+00  0.42167610E-01
  0.48387097E+00  0.10000000E+01  0.77311095E+00  0.48918212E-01
  0.51612903E+00  0.00000000E+00  0.10388809E+00  0.72889845E+00
  0.51612903E+00  0.32258065E-01  0.58838576E+00  0.98578657E+00
  0.51612903E+00  0.64516129E-01  0.67580029E+00  0.87119760E+00
  0.51612903E+00  0.96774194E-01  0.60845256E+00  0.17378679E+00
  0.51612903E+00  0.12903226E+00  0.19333970E+00  0.77438197E+00
  0.51612903E+00  0.16129032E+00  0.87049455E+00  0.30809300E+00
  0.51612903E+00  0.19354839E+00  0.78134496E+00  0.82642109E+00
  0.51612903E+00  0.22580645E+00  0.83707317E+00  0.45936822E+00
  0.51612903E+00  0.25806452E+00  0.78697524E+00  0.77546475E-01
  0.51612903E+00  0.29032258E+00  0.28682038E+00  0.95428744E+00
  0.51612903E+00  0.32258065E+00  0.96721031E+00  0.42775158E+00
  0.51612903E+00  0.35483871E+00  0.50193870E+00  0.56303760E+00
  0.51612903E+00  0.38709677E+00  0.67635047E+00  0.81429183E+00
  0.51612903E+00  0.41935484E+00  0.45570122E+00  0.68681760E+00
  0.51612903E+00  0.45161290E+00  0.53516582E-01  0.39918462E+00
  0.51612903E+00  0.48387097E+00  0.99995159E+00  0.54533833E+00
  0.51612903E+00  0.51612903E+00  0.21015006E+00  0.75670931E+00
  0.51612903E+00  0.54838710E+00  0.52603988E-01  0.36432261E+00
  0.51612903E+00  0.58064516E+00  0.41751288E+00  0.60907197E-01
  0.51612903E+00  0.61290323E+00  0.78514318E+00  0.56300525E+00
  0.51612903E+00  0.64516129E+00  0.29418758E+00  0.27308158E+00
  0.51612903E+00  0.67741935E+00  0.81012447E+00  0.94163299E+00
  0.51612903E+00  0.70967742E+00  0.99357725E+00  0.32929768E+00
  0.51612903E+00  0.74193548E+00  0.36867373E+00  0.86896458E+00
  0.51612903E+00  0.77419355E+00  0.39140552E+00  0.32788273E+00
  0.51612903E+00  0.80645161E+00  0.51798738E+00  0.46977068E+00
  0.51612903E+00  0.83870968E+00  0.27321661E+00  0.71692587E+00
  0.51612903E+00  0.87096774E+00  0.31883241E+00  0.81233396E+00
  0.51612903E+00  0.90322581E+00  0.52187526E+00  0.48177824E+00
  0.51612903E+00  0.93548387E+00  0.23046336E-01  0.95949015E-01
  0.51612903E+00  0.96774194E+00  0.30506681E+00  0.33255294E+00
  0.51612903E+00  0.10000000E+01  0.26103727E+00  0.83842243E+00
  0.54838710E+00  0.00000000E+00  0.74804869E+00  0.62463428E+00
  0.54838710E+00  0.32258065E-01  0.14087364E+00  0.83292796E+00
  0.54838710E+00  0.64516129E-01  0.63920143E+00  0.94570545E+00
  0.54838710E+00  0.96774194E-01  0.40623071E+00  0.64273924E-01
  0.54838710E+00  0.12903226E+00  0.92685542E+00  0.61081188E+00
  0.54838710E+00  0.16129032E+00  0.38852421E+00  0.30297857E+00
  0.54838710E+00  0.19354839E+00  0.62099830E-01  0.12852333E+00
  0.54838710E+00  0.22580645E+00  0.68271845E+00  0.31989499E+00
  0.54838710E+00  0.25806452E+00  0.83064910E+00  0.32885122E+00
  0.54838710E+00  0.29032258E+00  0.31215299E+00  0.80106792E+00
  0.54838710E+00  0.32258065E+00  0.54034291E+00  0.55074860E+00
  0.54838710E+00  0.35483871E+00  0.91604261E+00  0.53523374E+00
  0.54838710E+00  0.38709677E+00  0.20864617E+00  0.82961019E+00
  0.54838710E+00  0.41935484E+00  0.93697737E+00  0.60132050E+00
  0.54838710E+00  0.45161290E+00  0.75014906E+00  0.84772353E-01
  0.54838710E+00  0.48387097E+00  0.80842255E+00  0.55594789E+00
  0.54838710E+00  0.51612903E+00  0.16406698E+00  0.30701310E+00
  0.54838710E+00  0.54838710E+00  0.14221869E+00  0.62092723E+00
  0.54838710E+00  0.58064516E+00  0.72174059E+00  0.74605210E+00
  0.54838710E+00  0.61290323E+00  0.91608155E+00  0.87076153E+00
  0.54838710E+00  0.64516129E+00  0.15413577E+00  0.98050673E-01
  0.54838710E+00  0.67741935E+00  0.66110216E+00  0.42014542E+00
  0.54838710E+00  0.70967742E+00  0.83934369E+00  0.69311177E+00
  0.54838710E+00  0.74193548E+00  0.64924678E+00  0.61146520E+00
  0.54838710E+00  0.77419355E+00  0.99008071E+00  0.68278002E+00
  0.54838710E+00  0.80645161E+00  0.80856923E-01  0.20229880E+00
  0.54838710E+00  0.83870968E+00  0.84118847E+00  0.22754168E+00
  0.54838710E+00  0.87096774E+00  0.27214934E+00  0.55291581E+00
  0.54838710E+00  0.90322581E+00  0.83713384E+00  0.68432467E+00
  0.54838710E+00  0.93548387E+00  0.84271602E+00  0.81377748E+00
  0.54838710E+00  0.96774194E+00  0.81950895E+00  0.79399856E+00
  0.54838710E+00  0.10000000E+01  0.90302420E+00  0.11303670E+00
  0.58064516E+00  0.00000000E+00  0.53236840E+00  0.51531910E+00
  0.58064516E+00  0.32258065E-01  0.68075938E+00  0.54464518E+00
  0.58064516E+00  0.64516129E-01  0.23319765E+00  0.84013038E+00
  0.58064516E+00  0.96774194E-01  0.28340885E+00  0.84256446E+00
  0.58064516E+00  0.12903226E+00  0.95109865E+00  0.14582291E+00
  0.58064516E+00  0.16129032E+00  0.75312070E-01  0.78397627E+00
  0.58064516E+00  0.19354839E+00  0.90779287E+00  0.51839957E+00
  0.58064516E+00  0.22580645E+00  0.80634295E+00  0.12488164E+00
  0.58064516E+00  0.25806452E+00  0.92818169E+00  0.68073456E+00
  0.58064516E+00  0.29032258E+00  0.92330535E+00  0.85190296E+00
  0.58064516E+00  0.32258065E+00  0.62784643E+00  0.18007343E+00
  0.58064516E+00  0.35483871E+00  0.75743306E+00  0.36978393E+00
  0.58064516E+00  0.38709677E+00  0.60054834E+00  0.57553308E+00
  0.58064516E+00  0.41935484E+00  0.71188978E+00  0.68888961E+00
  0.58064516E+00  0.45161290E+00  0.60572860E+00  0.62560171E+00
  0.58064516E+00  0.48387097E+00  0.44926917E+00  0.61270639E+00
  0.58064516E+00  0.51612903E+00  0.75600833E+00  0.47563889E+00
  0.58064516E+00  0.54838710E+00  0.79094802E-01  0.92534201E+00
  0.58064516E+00  0.58064516E+00  0.70468856E+00  0.84537552E+00
  0.58064516E+00  0.61290323E+00  0.34532019E+00  0.57902553E+00
  0.58064516E+00  0.64516129E+00  0.83325028E+00  0.21641384E+00
  0.58064516E+00  0.67741935E+00  0.81382879E+00  0.88160735E+00
  0.58064516E+00  0.70967742E+00  0.43885440E+00  0.19727418E-01
  0.58064516E+00  0.74193548E+00  0.59933955E-01  0.68405923E+00
  0.58064516E+00  0.77419355E+00  0.92184176E+00  0.82316117E+00
  0.58064516E+00  0.80645161E+00  0.85587900E+00  0.56797423E+00
  0.58064516E+00  0.83870968E+00  0.97323312E+00  0.51893135E+00
  0.58064516E+00  0.87096774E+00  0.35833717E+00  0.33066786E-01
  0.58064516E+00  0.90322581E+00  0.76222920E+00  0.51112553E+00
  0.58064516E+00  0.93548387E+00  0.29591162E+00  0.68467265E+00
  0.58064516E+00  0.96774194E+00  0.12371062E+00  0.90320266E+00
  0.58064516E+00  0.10000000E+01  0.15663546E+00  0.42124891E+00
  0.61290323E+00  0.00000000E+00  0.51258580E+00  0.86638674E+00
  0.61290323E+00  0.32258065E-01  0.35769922E+00  0.15564438E+00
  0.61290323E+00  0.64516129E-01  0.87265909E+00  0.10550686E+00
  0.61290323E+00  0.96774194E-01  0.70202412E+00  0.16986676E+00
  0.61290323E+00  0.12903226E+00  0.35538329E+00  0.57893237E+00
  0.61290323E+00  0.16129032E+00  0.21321527E+00  0.93883704E+00
  0.61290323E+00  0.19354839E+00  0.53274775E+00  0.83124854E+00
  0.61290323E+00  0.22580645E+00  0.45381683E+00  0.41297849E+00
  0.61290323E+00  0.25806452E+00  0.47264163E-02  0.15591677E-01
  0.61290323E+00  0.29032258E+00  0.10810757E+00  0.74501545E+00
  0.61290323E+00  0.32258065E+00  0.58677788E+00  0.81149093E-01
  0.61290323E+00  0.35483871E+00  0.16960087E+00  0.47747323E+00
  0.61290323E+00  0.38709677E+00  0.49734534E+00  0.96065914E+00
  0.61290323E+00  0.41935484E+00  0.12854476E+00  0.73017820E+00
  0.61290323E+00  0.45161290E+00  0.54535662E+00  0.75791120E+00
  0.61290323E+00  0.48387097E+00  0.15942185E+00  0.38775775E+00
  0.61290323E+00  0.51612903E+00  0.31772415E+00  0.93524566E+00
  0.61290323E+00  0.54838710E+00  0.30844940E+00  0.28714029E+00
  0.61290323E+00  0.58064516E+00  0.36684500E+00  0.50105395E+00
  0.61290323E+00  0.61290323E+00  0.68107927E+00  0.40505525E+00
  0.61290323E+00  0.64516129E+00  0.39810083E+00  0.19727852E+00
  0.61290323E+00  0.67741935E+00  0.62949795E+00  0.45533112E-01
  0.61290323E+00  0.70967742E+00  0.45735794E+00  0.68691285E+00
  0.61290323E+00  0.74193548E+00  0.94012654E+00  0.27405350E-01
  0.61290323E+00  0.77419355E+00  0.11846725E+00  0.74150143E+00
  0.61290323E+00  0.80645161E+00  0.21120766E-01  0.87180448E+00
  0.61290323E+00  0.83870968E+00  0.67076430E+00  0.42863981E+00
  0.61290323E+00  0.87096774E+00  0.89870975E-01  0.98966404E+00
  0.61290323E+00  0.90322581E+00  0.30656923E+00  0.29947452E+00
  0.61290323E+00  0.93548387E+00  0.36050213E+00  0.86921861E+00
  0.61290323E+00  0.96774194E+00  0.30868681E+00  0.57620314E+00
  0.61290323E+00  0.10000000E+01  0.23137381E+00  0.26350375E+00
  0.64516129E+00  0.00000000E+00  0.16030209E+00  0.79716123E+00
  0.64516129E+00  0.32258065E-01  0.45105789E+00  0.78116559E+00
  0.64516129E+00  0.64516129E-01  0.46018493E+00  0.81400295E+00
  0.64516129E+00  0.96774194E-01  0.26147083E-01  0.18893790E+00
  0.64516129E+00  0.12903226E+00  0.13754428E-01  0.57729630E+00
  0.64516129E+00  0.16129032E+00  0.63252264E+00  0.94057469E+00
  0.64516129E+00  0.19354839E+00  0.75503233E+00  0.44254965E+00
  0.64516129E+00  0.22580645E+00  0.23528846E+00  0.36138718E+00
  0.64516129E+00  0.25806452E+00  0.22707970E+00  0.17520836E-02
  0.64516129E+00  0.29032258E+00  0.50233778E+00  0.60691732E+00
  0.64516129E+00  0.32258065E+00  0.76949691E+00  0.27087340E+00
  0.64516129E+00  0.35483871E+00  0.99185311E+00  0.85043776E+00
  0.64516129E+00  0.38709677E+00  0.70592363E+00  0.87736411E+00
  0.64516129E+00  0.41935484E+00  0.33980628E+00  0.47045186E+00
  0.64516129E+00  0.45161290E+00  0.53153884E+00  0.24765544E+00
  0.64516129E+00  0.48387097E+00  0.44745843E+00  0.23819371E+00
  0.64516129E+00  0.51612903E+00  0.10056084E+00  0.79465932E+00
  0.64516129E+00  0.54838710E+00  0.66885999E+00  0.50512810E+00
  0.64516129E+00  0.58064516E+00  0.81374723E+00  0.10526841E+00
  0.64516129E+00  0.61290323E+00  0.99835073E+00  0.39045054E+00
  0.64516129E+00  0.64516129E+00  0.80589490E+00  0.12785607E+00
  0.64516129E+00  0.67741935E+00  0.25805969E+00  0.96858724E+00
  0.64516129E+00  0.70967742E+00  0.13334006E+00  0.35977636E+00
  0.64516129E+00  0.74193548E+00  0.28540524E+00  0.45669514E+00
  0.64516129E+00  0.77419355E+00  0.96145823E+00  0.34864085E-01
  0.64516129E+00  0.80645161E+00  0.12059505E+00  0.40216188E+00
  0.64516129E+00  0.83870968E+00  0.75216423E+00  0.31093474E+00
  0.64516129E+00  0.87096774E+00  0.19412609E+00  0.87010582E+00
  0.64516129E+00  0.90322581E+00  0.45141219E+00  0.45728454E+00
  0.64516129E+00  0.93548387E+00  0.51428464E+00  0.63087602E+00
  0.64516129E+00  0.96774194E+00  0.67669554E+00  0.42190414E-01
  0.64516129E+00  0.10000000E+01  0.85464630E+00  0.34755228E+00
  0.67741935E+00  0.00000000E+00  0.62639088E+00  0.53217000E-01
  0.67741935E+00  0.32258065E-01  0.31514920E+00  0.91461092E+00
  0.67741935E+00  0.64516129E-01  0.39031082E+00  0.70250755E+00
  0.67741935E+00  0.96774194E-01  0.27469242E+00  0.34682089E+00
  0.67741935E+00  0.12903226E+00  0.88538409E-01  0.92328748E+00
  0.67741935E+00  0.16129032E+00  0.28038034E+00  0.87807574E+00
  0.67741935E+00  0.19354839E+00  0.25789625E+00  0.25239538E+00
  0.67741935E+00  0.22580645E+00  0.18770058E-01  0.90710674E+00
  0.67741935E+00  0.25806452E+00  0.78155093E+00  0.74733021E+00
  0.67741935E+00  0.29032258E+00  0.61651267E+00  0.94705557E+00
  0.67741935E+00  0.32258065E+00  0.76513058E-01  0.17375137E+00
  0.67741935E+00  0.35483871E+00  0.82785326E+00  0.81297431E+00
  0.67741935E+00  0.38709677E+00  0.28113720E+00  0.19297862E+00
  0.67741935E+00  0.41935484E+00  0.22213092E+00  0.80932543E+00
  0.67741935E+00  0.45161290E+00  0.44262195E+00  0.54949214E+00
  0.67741935E+00  0.48387097E+00  0.37127871E+00  0.91748181E+00
  0.67741935E+00  0.51612903E+00  0.70450987E+00  0.25843251E+00
  0.67741935E+00  0.54838710E+00  0.37323711E-01  0.98322673E+00
  0.67741935E+00  0.58064516E+00  0.49418753E+00  0.79310071E+00
  0.67741935E+00  0.61290323E+00  0.35988698E+00  0.90425387E+00
  0.67741935E+00  0.64516129E+00  0.71038549E+00  0.27245812E+00
  0.67741935E+00  0.67741935E+00  0.43683585E-01  0.81766730E+00
  0.67741935E+00  0.70967742E+00  0.91067831E+00  0.64862651E+00
  0.67741935E+00  0.74193548E+00  0.54602257E+00  0.28748151E+00
  0.67741935E+00  0.77419355E+00  0.49898453E+00  0.89438808E+00
  0.67741935E+00  0.80645161E+00  0.26430698E+00  0.49212138E+00
  0.67741935E+00  0.83870968E+00  0.91306671E+00  0.19068539E+00
  0.67741935E+00  0.87096774E+00  0.72353386E+00  0.41192219E+00
  0.67741935E+00  0.90322581E+00  0.81203137E+00  0.11412142E+00
  0.67741935E+00  0.93548387E+00  0.76379425E+00  0.16629615E-01
  0.67741935E+00  0.96774194E+00  0.26382905E+00  0.82445957E+00
  0.67741935E+00  0.10000000E+01  0.72777317E+00  0.45289974E+00
  0.70967742E+00  0.00000000E+00  0.51042323E+00  0.84862061E+00
  0.70967742E+00  0.32258065E-01  0.88149227E+00  0.94204506E+00
  0.70967742E+00  0.64516129E-01  0.15248324E-01  0.88984604E+00
  0.70967742E+00  0.96774194E-01  0.93793330E-01  0.15773209E+00
  0.70967742E+00  0.12903226E+00  0.36500415E+00  0.47851117E+00
  0.70967742E+00  0.16129032E+00  0.85891927E-01  0.38919996E+00
  0.70967742E+00  0.19354839E+00  0.46596149E+00  0.76813329E+00
  0.70967742E+00  0.22580645E+00  0.61057069E+00  0.37207350E+00
  0.70967742E+00  0.25806452E+00  0.46428981E+00  0.37331980E+00
  0.70967742E+00  0.29032258E+00  0.75426093E+00  0.89681765E+00
  0.70967742E+00  0.32258065E+00  0.93355728E+00  0.55726815E+00
  0.70967742E+00  0.35483871E+00  0.12454264E+00  0.99623740E+00
  0.70967742E+00  0.38709677E+00  0.62230709E-01  0.41926590E+00
  0.70967742E+00  0.41935484E+00  0.37644484E-01  0.13297787E+00
  0.70967742E+00  0.45161290E+00  0.84117562E+00  0.82190686E-01
  0.70967742E+00  0.48387097E+00  0.70594383E+00  0.38702423E+00
  0.70967742E+00  0.51612903E+00  0.25115621E+00  0.88001025E+00
  0.70967742E+00  0.54838710E+00  0.42546670E+00  0.64320175E+00
  0.70967742E+00  0.58064516E+00  0.45033536E+00  0.54528240E+00
  0.70967742E+00  0.61290323E+00  0.76338782E+00  0.77867582E+00
  0.70967742E+00  0.64516129E+00  0.96177462E+00  0.39665504E+00
  0.70967742E+00  0.67741935E+00  0.74553059E+00  0.85045186E+00
  0.70967742E+00  0.70967742E+00  0.86093423E+00  0.52636618E+00
  0.70967742E+00  0.74193548E+00  0.43867085E-01  0.28287542E+00
  0.70967742E+00  0.77419355E+00  0.96317312E+00  0.98774389E+00
  0.70967742E+00  0.80645161E+00  0.16401807E+00  0.55132128E-01
  0.70967742E+00  0.83870968E+00  0.11248881E-01  0.98270633E+00
  0.70967742E+00  0.87096774E+00  0.63275300E+00  0.88874770E+00
  0.70967742E+00  0.90322581E+00  0.86281781E+00  0.49261784E-01
  0.70967742E+00  0.93548387E+00  0.18548999E+00  0.43508793E+00
  0.70967742E+00  0.96774194E+00  0.67793487E+00  0.24900858E+00
  0.70967742E+00  0.10000000E+01  0.95379584E+00  0.46285871E+00
  0.74193548E+00  0.00000000E+00  0.23296688E+00  0.90787212E+00
  0.74193548E+00  0.32258065E-01  0.37579481E+00  0.25349573E+00
  0.74193548E+00  0.64516129E-01  0.97821957E+00  0.78516206E+00
  0.74193548E+00  0.96774194E-01  0.29065511E+00  0.94874641E+00
  0.74193548E+00  0.12903226E+00  0.88240305E+00  0.11951592E+00
  0.74193548E+00  0.16129032E+00  0.89751213E+00  0.45173900E+00
  0.74193548E+00  0.19354839E+00  0.31063753E+00  0.72829463E+00
  0.74193548E+00  0.22580645E+00  0.18290028E+00  0.21028181E+00
  0.74193548E+00  0.25806452E+00  0.91774660E+00  0.48662889E+00
  0.74193548E+00  0.29032258E+00  0.51680733E+00  0.32370294E+00
  0.74193548E+00  0.32258065E+00  0.83575722E+00  0.51491916E+00
  0.74193548E+00  0.35483871E+00  0.84017441E+00  0.73035023E+00
  0.74193548E+00  0.38709677E+00  0.86139971E+00  0.36633570E+00
  0.74193548E+00  0.41935484E+00  0.85239603E+00  0.39509134E+00
  0.74193548E+00  0.45161290E+00  0.64360776E+00  0.21431853E+00
  0.74193548E+00  0.48387097E+00  0.19882008E+00  0.49681366E+00
  0.74193548E+00  0.51612903E+00  0.87101843E+00  0.40077449E-01
  0.74193548E+00  0.54838710E+00  0.65824780E+00  0.61592438E+00
  0.74193548E+00  0.58064516E+00  0.45947216E+00  0.82009203E+00
  0.74193548E+00  0.61290323E+00  0.33043381E+00  0.92185048E+00
  0.74193548E+00  0.64516129E+00  0.73951276E+00  0.71361163E+00
  0.74193548E+00  0.67741935E+00  0.82358610E+00  0.36053868E+00
  0.74193548E+00  0.70967742E+00  0.64388738E+00  0.25015538E+00
  0.74193548E+00  0.74193548E+00  0.44186601E+00  0.84195550E+00
  0.74193548E+00  0.77419355E+00  0.89504657E+00  0.51701216E+00
  0.74193548E+00  0.80645161E+00  0.37288827E+00  0.42758723E+00
  0.74193548E+00  0.83870968E+00  0.19264424E+00  0.34674067E+00
  0.74193548E+00  0.87096774E+00  0.87522098E+00  0.51793993E+00
  0.74193548E+00  0.90322581E+00  0.40103767E+00  0.50466934E+00
  0.74193548E+00  0.93548387E+00  0.46588560E+00  0.40039450E-01
  0.74193548E+00  0.96774194E+00  0.73678750E+00  0.87639642E+00
  0.74193548E+00  0.10000000E+01  0.10785695E+00  0.63493140E+00
  0.77419355E+00  0.00000000E+00  0.22435825E+00  0.78023230E+00
  0.77419355E+00  0.32258065E-01  0.27997306E+00  0.92345970E+00
  0.77419355E+00  0.64516129E-01  0.44890839E+00  0.24709018E+00
  0.77419355E+00  0.96774194E-01  0.15512048E+00  0.92262438E+00
  0.77419355E+00  0.12903226E+00  0.46683172E+00  0.44176289E+00
  0.77419355E+00  0.16129032E+00  0.66488998E+00  0.77851565E+00
  0.77419355E+00  0.19354839E+00  0.81112804E+00  0.55131132E+00
  0.77419355E+00  0.22580645E+00  0.31672291E+00  0.18510663E+00
  0.77419355E+00  0.25806452E+00  0.51055522E+00  0.73495805E-01
  0.77419355E+00  0.29032258E+00  0.20756863E+00  0.74081989E+00
  0.77419355E+00  0.32258065E+00  0.27712917E+00  0.42761497E-02
  0.77419355E+00  0.35483871E+00  0.21138460E+00  0.13602745E+00
  0.77419355E+00  0.38709677E+00  0.69362384E+00  0.25311620E-01
  0.77419355E+00  0.41935484E+00  0.16663630E+00  0.34055082E+00
  0.77419355E+00  0.45161290E+00  0.40107128E+00  0.69146094E+00
  0.77419355E+00  0.48387097E+00  0.63797300E-01  0.79116096E+00
  0.77419355E+00  0.51612903E+00  0.28626155E+00  0.61828232E+00
  0.77419355E+00  0.54838710E+00  0.23284920E+00  0.57907829E+00
  0.77419355E+00  0.58064516E+00  0.66924280E+00  0.66953339E+00
  0.77419355E+00  0.61290323E+00  0.53078166E+00  0.63747270E+00
  0.77419355E+00  0.64516129E+00  0.49082122E+00  0.14467129E+00
  0.77419355E+00  0.67741935E+00  0.52909242E+00  0.92896354E+00
  0.77419355E+00  0.70967742E+00  0.50006107E+00  0.96635258E+00
  0.77419355E+00  0.74193548E+00  0.70128725E+00  0.63311962E+00
  0.77419355E+00  0.77419355E+00  0.44178466E+00  0.86793332E+00
  0.77419355E+00  0.80645161E+00  0.61037999E+00  0.33395921E+00
  0.77419355E+00  0.83870968E+00  0.24407234E+00  0.58096901E+00
  0.77419355E+00  0.87096774E+00  0.96392533E-01  0.20745006E+00
  0.77419355E+00  0.90322581E+00  0.20576254E+00  0.22714625E-01
  0.77419355E+00  0.93548387E+00  0.46385483E+00  0.20900935E+00
  0.77419355E+00  0.96774194E+00  0.18395174E+00  0.48362459E+00
  0.77419355E+00  0.10000000E+01  0.66930488E+00  0.26100377E+00
  0.80645161E+00  0.00000000E+00  0.30441327E+00  0.85154882E+00
  0.80645161E+00  0.32258065E-01  0.29874555E+00  0.44755607E+00
  0.80645161E+00  0.64516129E-01  0.59313560E+00  0.72998963E+00
  0.80645161E+00  0.96774194E-01  0.66112528E+00  0.71087987E+00
  0.80645161E+00  0.12903226E+00  0.20566668E+00  0.29280845E-01
  0.80645161E+00  0.16129032E+00  0.39981399E-01  0.42587970E+00
  0.80645161E+00  0.19354839E+00  0.96841997E+00  0.21760601E+00
  0.80645161E+00  0.22580645E+00  0.66732121E+00  0.77224119E+00
  0.80645161E+00  0.25806452E+00  0.56587163E+00  0.98302784E+00
  0.80645161E+00  0.29032258E+00  0.72696477E+00  0.74327914E+00
  0.80645161E+00  0.32258065E+00  0.72806060E+00  0.42098820E+00
  0.80645161E+00  0.35483871E+00  0.54204489E+00  0.33343748E+00
  0.80645161E+00  0.38709677E+00  0.41808855E+00  0.22180811E+00
  0.80645161E+00  0.41935484E+00  0.76250709E+00  0.72578930E+00
  0.80645161E+00  0.45161290E+00  0.19619892E-01  0.85818772E+00
  0.80645161E+00  0.48387097E+00  0.55260967E+00  0.47953685E+00
  0.80645161E+00  0.51612903E+00  0.52438178E+00  0.77270636E+00
  0.80645161E+00  0.54838710E+00  0.77842365E+00  0.71751150E+00
  0.80645161E+00  0.58064516E+00  0.71966412E+00  0.56532248E+00
  0.80645161E+00  0.61290323E+00  0.19533282E+00  0.31367381E+00
  0.80645161E+00  0.64516129E+00  0.37581956E+00  0.18087370E+00
  0.80645161E+00  0.67741935E+00  0.63553369E+00  0.80613448E-01
  0.80645161E+00  0.70967742E+00  0.43376349E+00  0.96576787E-01
  0.80645161E+00  0.74193548E+00  0.19553553E+00  0.95704927E+00
  0.80645161E+00  0.77419355E+00  0.19247404E+00  0.50952766E+00
  0.80645161E+00  0.80645161E+00  0.42366033E+00  0.19532927E+00
  0.80645161E+00  0.83870968E+00  0.49649210E+00  0.52420137E+00
  0.80645161E+00  0.87096774E+00  0.50754286E+00  0.54893057E+00
  0.80645161E+00  0.90322581E+00  0.92342128E+00  0.33995215E+00
  0.80645161E+00  0.93548387E+00  0.46163060E+00  0.45995948E+00
  0.80645161E+00  0.96774194E+00  0.97142796E+00  0.43851337E+00
  0.80645161E+00  0.10000000E+01  0.31468380E+00  0.24665144E+00
  0.83870968E+00  0.00000000E+00  0.92304883E-01  0.35669426E+00
  0.83870968E+00  0.32258065E-01  0.43595855E+00  0.37487776E+00
  0.83870968E+00  0.64516129E-01  0.83534681E+00  0.98072828E+00
  0.83870968E+00  0.96774194E-01  0.74756289E+00  0.89201549E+00
  0.83870968E+00  0.12903226E+00  0.89151984E+00  0.86387214E+00
  0.83870968E+00  0.16129032E+00  0.44130993E+00  0.47590340E+00
  0.83870968E+00  0.19354839E+00  0.21956402E+00  0.91929623E+00
  0.83870968E+00  0.22580645E+00  0.89081093E+00  0.78392878E+00
  0.83870968E+00  0.25806452E+00  0.15483681E+00  0.84547976E+00
  0.83870968E+00  0.29032258E+00  0.94004456E+00  0.85253778E+00
  0.83870968E+00  0.32258065E+00  0.59681313E+00  0.31371079E+00
  0.83870968E+00  0.35483871E+00  0.90856951E-01  0.28473538E+00
  0.83870968E+00  0.38709677E+00  0.19658530E+00  0.15558621E+00
  0.83870968E+00  0.41935484E+00  0.69046165E+00  0.43758538E+00
  0.83870968E+00  0.45161290E+00  0.54436309E+00  0.55051177E+00
  0.83870968E+00  0.48387097E+00  0.11893965E+00  0.60971045E+00
  0.83870968E+00  0.51612903E+00  0.35697371E+00  0.21320204E+00
  0.83870968E+00  0.54838710E+00  0.97673935E+00  0.22879207E+00
  0.83870968E+00  0.58064516E+00  0.66536177E+00  0.58118041E+00
  0.83870968E+00  0.61290323E+00  0.27217661E+00  0.39070577E-01
  0.83870968E+00  0.64516129E+00  0.20893561E-02  0.22791474E-02
  0.83870968E+00  0.67741935E+00  0.60893470E+00  0.28884513E+00
  0.83870968E+00  0.70967742E+00  0.58883595E+00  0.92213933E+00
  0.83870968E+00  0.74193548E+00  0.37356434E+00  0.91797373E+00
  0.83870968E+00  0.77419355E+00  0.52389847E+00  0.71710882E-01
  0.83870968E+00  0.80645161E+00  0.92298366E+00  0.74537324E+00
  0.83870968E+00  0.83870968E+00  0.96969129E+00  0.65475256E+00
  0.83870968E+00  0.87096774E+00  0.77197823E+00  0.65651931E+00
  0.83870968E+00  0.90322581E+00  0.34024618E+00  0.53533198E+00
  0.83870968E+00  0.93548387E+00  0.78070107E+00  0.79094648E+00
  0.83870968E+00  0.96774194E+00  0.48871238E+00  0.42532556E+00
  0.83870968E+00  0.10000000E+01  0.34217260E+00  0.72974810E+00
  0.87096774E+00  0.00000000E+00  0.50175654E+00  0.20281906E+00
  0.87096774E+00  0.32258065E-01  0.69508204E+00  0.96979141E+00
  0.87096774E+00  0.64516129E-01  0.75140942E-01  0.93081423E+00
  0.87096774E+00  0.96774194E-01  0.67407522E+00  0.81827064E+00
  0.87096774E+00  0.12903226E+00  0.45302195E+00  0.10326182E+00
  0.87096774E+00  0.16129032E+00  0.80797275E+00  0.95216348E-01
  0.87096774E+00  0.19354839E+00  0.75633092E-01  0.41499579E-01
  0.87096774E+00  0.22580645E+00  0.39281714E-01  0.22702303E+00
  0.87096774E+00  0.25806452E+00  0.43462999E+00  0.73853766E-01
  0.87096774E+00  0.29032258E+00  0.45568129E+00  0.24082373E+00
  0.87096774E+00  0.32258065E+00  0.26059039E+00  0.72313918E+00
  0.87096774E+00  0.35483871E+00  0.47752281E+00  0.95199001E+00
  0.87096774E+00  0.38709677E+00  0.71051418E+00  0.89415915E+00
  0.87096774E+00  0.41935484E+00  0.45329679E-01  0.15163194E+00
  0.87096774E+00  0.45161290E+00  0.55532334E+00  0.61205503E-01
  0.87096774E+00  0.48387097E+00  0.80729746E+00  0.79409813E+00
  0.87096774E+00  0.51612903E+00  0.36736198E+00  0.45555863E+00
  0.87096774E+00  0.54838710E+00  0.30679383E+00  0.18447572E+00
  0.87096774E+00  0.58064516E+00  0.70789633E+00  0.25298741E+00
  0.87096774E+00  0.61290323E+00  0.16985856E+00  0.16609037E+00
  0.87096774E+00  0.64516129E+00  0.31461473E+00  0.76124929E+00
  0.87096774E+00  0.67741935E+00  0.29270357E+00  0.30800627E+00
  0.87096774E+00  0.70967742E+00  0.28912767E+00  0.60759019E+00
  0.87096774E+00  0.74193548E+00  0.29212880E-01  0.92526114E-01
  0.87096774E+00  0.77419355E+00  0.28446771E+00  0.92624461E+00
  0.87096774E+00  0.80645161E+00  0.37844264E+00  0.10269115E+00
  0.87096774E+00  0.83870968E+00  0.69258956E+00  0.54593552E+00
  0.87096774E+00  0.87096774E+00  0.17212111E+00  0.20978114E+00
  0.87096774E+00  0.90322581E+00  0.83187006E+00  0.17737447E+00
  0.87096774E+00  0.93548387E+00  0.26214868E+00  0.76081437E+00
  0.87096774E+00  0.96774194E+00  0.13460813E+00  0.60076149E+00
  0.87096774E+00  0.10000000E+01  0.70809784E+00  0.76604764E+00
  0.90322581E+00  0.00000000E+00  0.97854757E+00  0.84081651E+00
  0.90322581E+00  0.32258065E-01  0.26021202E-01  0.56373989E+00
  0.90322581E+00  0.64516129E-01  0.63263330E+00  0.55086084E-01
  0.90322581E+00  0.96774194E-01  0.56671309E+00  0.82024975E+00
  0.90322581E+00  0.12903226E+00  0.15025874E-01  0.28321417E+00
  0.90322581E+00  0.16129032E+00  0.40113236E+00  0.19866063E+00
  0.90322581E+00  0.19354839E+00  0.20374806E+00  0.64077823E-01
  0.90322581E+00  0.22580645E+00  0.77510267E+00  0.53187119E+00
  0.90322581E+00  0.25806452E+00  0.15929943E+00  0.82147231E+00
  0.90322581E+00  0.29032258E+00  0.91067450E+00  0.13144830E+00
  0.90322581E+00  0.32258065E+00  0.91215636E+00  0.51611124E-01
  0.90322581E+00  0.35483871E+00  0.19362514E+00  0.97512704E+00
  0.90322581E+00  0.38709677E+00  0.75027203E+00  0.51062595E+00
  0.90322581E+00  0.41935484E+00  0.36095865E+00  0.89431073E+00
  0.90322581E+00  0.45161290E+00  0.40657642E+00  0.40206669E+00
  0.90322581E+00  0.48387097E+00  0.68840594E+00  0.76157087E+00
  0.90322581E+00  0.51612903E+00  0.24647635E+00  0.56440146E+00
  0.90322581E+00  0.54838710E+00  0.17792471E+00  0.67814718E+00
  0.90322581E+00  0.58064516E+00  0.45535540E+00  0.65851661E+00
  0.90322581E+00  0.61290323E+00  0.74519947E+00  0.16144761E+00
  0.90322581E+00  0.64516129E+00  0.22607400E+00  0.35521667E+00
  0.90322581E+00  0.67741935E+00  0.40714152E+00  0.33254831E+00
  0.90322581E+00  0.70967742E+00  0.94646935E+00  0.52272441E+00
  0.90322581E+00  0.74193548E+00  0.46938899E+00  0.10369364E+00
  0.90322581E+00  0.77419355E+00  0.38685548E+00  0.41418079E+00
  0.90322581E+00  0.80645161E+00  0.71380680E+00  0.36579618E+00
  0.90322581E+00  0.83870968E+00  0.88752321E+00  0.85514501E+00
  0.90322581E+00  0.87096774E+00  0.58598668E+00  0.17593673E+00
  0.90322581E+00  0.90322581E+00  0.54624019E+00  0.43109444E+00
  0.90322581E+00  0.93548387E+00  0.38274718E+00  0.94486427E+00
  0.90322581E+00  0.96774194E+00  0.40575086E+00  0.67492471E+00
  0.90322581E+00  0.10000000E+01  0.43963364E+00  0.62449604E+00
  0.93548387E+00  0.00000000E+00  0.94736402E+00  0.24821255E+00
  0.93548387E+00  0.32258065E-01  0.76878514E+00  0.49552595E+00
  0.93548387E+00  0.64516129E-01  0.14420344E+00  0.11820647E+00
  0.93548387E+00  0.96774194E-01  0.53352447E+00  0.92094160E+00
  0.93548387E+00  0.12903226E+00  0.31429635E+00  0.47289373E+00
  0.93548387E+00  0.16129032E+00  0.91256919E+00  0.83230947E+00
  0.93548387E+00  0.19354839E+00  0.93375443E+00  0.27112906E+00
  0.93548387E+00  0.22580645E+00  0.29348424E+00  0.99959573E+00
  0.93548387E+00  0.25806452E+00  0.34847087E+00  0.89086507E+00
  0.93548387E+00  0.29032258E+00  0.27366058E-01  0.20561444E+00
  0.93548387E+00  0.32258065E+00  0.96162036E+00  0.31665230E+00
  0.93548387E+00  0.35483871E+00  0.61634257E+00  0.43352760E+00
  0.93548387E+00  0.38709677E+00  0.42115907E+00  0.32713916E+00
  0.93548387E+00  0.41935484E+00  0.90107321E+00  0.54345049E-01
  0.93548387E+00  0.45161290E+00  0.80732468E+00  0.68257196E+00
  0.93548387E+00  0.48387097E+00  0.24824889E+00  0.14424578E-01
  0.93548387E+00  0.51612903E+00  0.82013635E+00  0.31229494E+00
  0.93548387E+00  0.54838710E+00  0.73809202E+00  0.22971854E-01
  0.93548387E+00  0.58064516E+00  0.96689474E+00  0.50225022E+00
  0.93548387E+00  0.61290323E+00  0.35185652E+00  0.73954045E+00
  0.93548387E+00  0.64516129E+00  0.74968200E+00  0.82477816E-01
  0.93548387E+00  0.67741935E+00  0.15932778E+00  0.96153184E+00
  0.93548387E+00  0.70967742E+00  0.85286179E+00  0.61461565E+00
  0.93548387E+00  0.74193548E+00  0.50632269E+00  0.81169539E+00
  0.93548387E+00  0.77419355E+00  0.33057924E+00  0.57939956E+00
  0.93548387E+00  0.80645161E+00  0.20218965E+00  0.92562839E+00
  0.93548387E+00  0.83870968E+00  0.79426100E+00  0.56416325E+00
  0.93548387E+00  0.87096774E+00  0.70730855E+00  0.63927599E+00
  0.93548387E+00  0.90322581E+00  0.60011518E+00  0.45033835E+00
  0.93548387E+00  0.93548387E+00  0.32059075E+00  0.17643129E+00
  0.93548387E+00  0.96774194E+00  0.36631431E-01  0.60095439E+00
  0.93548387E+00  0.10000000E+01  0.36697913E+00  0.83623525E+00
  0.96774194E+00  0.00000000E+00  0.96302269E+00  0.97714420E+00
  0.96774194E+00  0.32258065E-01  0.34082825E-02  0.15361672E+00
  0.96774194E+00  0.64516129E-01  0.91989088E+00  0.56987394E+00
  0.96774194E+00  0.96774194E-01  0.15070120E+00  0.25492026E+00
  0.96774194E+00  0.12903226E+00  0.74818475E+00  0.70163681E+00
  0.96774194E+00  0.16129032E+00  0.82216114E+00  0.90389081E+00
  0.96774194E+00  0.19354839E+00  0.98328352E+00  0.39364496E+00
  0.96774194E+00  0.22580645E+00  0.78639791E+00  0.27806681E+00
  0.96774194E+00  0.25806452E+00  0.17390259E+00  0.27663813E+00
  0.96774194E+00  0.29032258E+00  0.91910749E+00  0.75826428E+00
  0.96774194E+00  0.32258065E+00  0.69593545E-01  0.77838362E+00
  0.96774194E+00  0.35483871E+00  0.39057207E+00  0.11607685E+00
  0.96774194E+00  0.38709677E+00  0.80824414E+00  0.31117637E+00
  0.96774194E+00  0.41935484E+00  0.85315997E+00  0.70137570E+00
  0.96774194E+00  0.45161290E+00  0.10357831E+00  0.45933885E+00
  0.96774194E+00  0.48387097E+00  0.62882576E+00  0.62980965E+00
  0.96774194E+00  0.51612903E+00  0.43265619E+00  0.16672116E+00
  0.96774194E+00  0.54838710E+00  0.89661013E+00  0.97030505E+00
  0.96774194E+00  0.58064516E+00  0.22337408E+00  0.92420097E+00
  0.96774194E+00  0.61290323E+00  0.88013998E+00  0.93256589E+00
  0.96774194E+00  0.64516129E+00  0.41964478E-01  0.95718354E+00
  0.96774194E+00  0.67741935E+00  0.35128392E-01  0.54573715E-01
  0.96774194E+00  0.70967742E+00  0.78049604E+00  0.41310171E+00
  0.96774194E+00  0.74193548E+00  0.23687463E+00  0.39008767E+00
  0.96774194E+00  0.77419355E+00  0.84437362E+00  0.54891593E+00
  0.96774194E+00  0.80645161E+00  0.96776413E+00  0.69614448E+00
  0.96774194E+00  0.83870968E+00  0.33983826E+00  0.91861423E+00
  0.96774194E+00  0.87096774E+00  0.50476852E+00  0.62055847E+00
  0.96774194E+00  0.90322581E+00  0.26146716E+00  0.56071220E+00
  0.96774194E+00  0.93548387E+00  0.10694560E+00  0.88942154E+00
  0.96774194E+00  0.96774194E+00  0.67967373E+00  0.18575306E+00
  0.96774194E+00  0.10000000E+01  0.20293936E+00  0.49460319E+00
  0.10000000E+01  0.00000000E+00  0.50431243E+00  0.29694082E-01
  0.10000000E+01  0.32258065E-01  0.10209561E+00  0.47972091E+00
  0.10000000E+01  0.64516129E-01  0.60363664E+00  0.73249024E+00
  0.10000000E+01  0.96774194E-01  0.89320955E+00  0.30844946E+00
  0.10000000E+01  0.12903226E+00  0.55044095E+00  0.93234016E+00
  0.10000000E+01  0.16129032E+00  0.60616935E+00  0.88280749E+00
  0.10000000E+01  0.19354839E+00  0.29830459E+00  0.34200957E+00
  0.10000000E+01  0.22580645E+00  0.82768717E+00  0.74522685E+00
  0.10000000E+01  0.25806452E+00  0.11394766E+00  0.13047149E+00
  0.10000000E+01  0.29032258E+00  0.55136605E+00  0.48809672E+00
  0.10000000E+01  0.32258065E+00  0.76473114E+00  0.11040621E+00
  0.10000000E+01  0.35483871E+00  0.36519990E+00  0.94126350E+00
  0.10000000E+01  0.38709677E+00  0.70615687E+00  0.92570130E+00
  0.10000000E+01  0.41935484E+00  0.63907350E+00  0.35953091E+00
  0.10000000E+01  0.45161290E+00  0.26936755E+00  0.23895159E+00
  0.10000000E+01  0.48387097E+00  0.71226247E+00  0.61015992E+00
  0.10000000E+01  0.51612903E+00  0.84864676E+00  0.91895920E+00
  0.10000000E+01  0.54838710E+00  0.80933340E-01  0.36036879E+00
  0.10000000E+01  0.58064516E+00  0.88918947E-01  0.22823351E+00
  0.10000000E+01  0.61290323E+00  0.58564349E+00  0.26483303E+00
  0.10000000E+01  0.64516129E+00  0.73249429E-01  0.10491207E-01
  0.10000000E+01  0.67741935E+00  0.59884116E+00  0.15318547E+00
  0.10000000E+01  0.70967742E+00  0.51034439E+00  0.87815622E+00
  0.10000000E+01  0.74193548E+00  0.21236549E+00  0.21751617E+00
  0.10000000E+01  0.77419355E+00  0.92205089E+00  0.39985976E+00
  0.10000000E+01  0.80645161E+00  0.42494645E+00  0.19987250E+00
  0.10000000E+01  0.83870968E+00  0.83085684E+00  0.28794033E+00
  0.10000000E+01  0.87096774E+00  0.32970491E+00  0.57975907E+00
  0.10000000E+01  0.90322581E+00  0.94739104E+00  0.58594370E+00
  0.10000000E+01  0.93548387E+00  0.30165258E+00  0.76163780E+00
  0.10000000E+01  0.96774194E+00  0.35792316E+00  0.85612290E+00
  0.10000000E+01  0.10000000E+01  0.18519208E+00  0.26242787E+00
