  32  32
  0.99970617E+00  0.99941527E+00
  0.00000000E+00  0.00000000E+00  0.49041030E+00  0.18629808E+00
  0.00000000E+00  0.32258065E-01  0.27303098E+00  0.89798671E+00
  0.00000000E+00  0.64516129E-01  0.69199343E+00  0.68461602E+00
  0.00000000E+00  0.96774194E-01  0.61982178E+00  0.48289166E+00
  0.00000000E+00  0.12903226E+00  0.22655792E+00  0.67648166E+00
  0.00000000E+00  0.16129032E+00  0.68093342E+00  0.51593827E+00
  0.00000000E+00  0.19354839E+00  0.85154135E+00  0.53861983E+00
  0.00000000E+00  0.22580645E+00  0.80081925E-02  0.98861270E+00
  0.00000000E+00  0.25806452E+00  0.52216571E+00  0.23665306E+00
  0.00000000E+00  0.29032258E+00  0.56922280E+00  0.20004884E+00
  0.00000000E+00  0.32258065E+00  0.82893741E+00  0.76260157E+00
  0.00000000E+00  0.35483871E+00  0.18678838E+00  0.19452827E+00
  0.00000000E+00  0.38709677E+00  0.43514731E+00  0.57238331E+00
  0.00000000E+00  0.41935484E+00  0.97445048E+00  0.19898029E+00
  0.00000000E+00  0.45161290E+00  0.51437067E+00  0.23313928E-01
  0.00000000E+00  0.48387097E+00  0.77498908E+00  0.60481903E-01
  0.00000000E+00  0.51612903E+00  0.18796718E+00  0.81160677E+00
  0.00000000E+00  0.54838710E+00  0.59771859E+00  0.68375780E+00
  0.00000000E+00  0.58064516E+00  0.96258095E+00  0.40987289E+00
  0.00000000E+00  0.61290323E+00  0.55987825E-01  0.46868039E+00
  0.00000000E+00  0.64516129E+00  0.16764053E+00  0.50462104E+00
  0.00000000E+00  0.67741935E+00  0.80468005E+00  0.74776979E+00
  0.00000000E+00  0.70967742E+00  0.39285888E+00  0.43375770E+00
  0.00000000E+00  0.74193548E+00  0.97771293E+00  0.22369381E+00
  0.00000000E+00  0.77419355E+00  0.92573337E+00  0.62408703E+00
  0.00000000E+00  0.80645161E+00  0.62553856E+00  0.40676799E+00
  0.00000000E+00  0.83870968E+00  0.18904584E+00  0.28810913E-01
  0.00000000E+00  0.87096774E+00  0.15264347E+00  0.52455533E-01
  0.00000000E+00  0.90322581E+00  0.17836250E+00  0.56502892E+00
  0.00000000E+00  0.93548387E+00  0.75504860E+00  0.59886739E+00
  0.00000000E+00  0.96774194E+00  0.89953401E+00  0.55123834E+00
  0.00000000E+00  0.10000000E+01  0.85780933E+00  0.60426219E+00
  0.32258065E-01  0.00000000E+00  0.99199774E+00  0.21830766E+00
  0.32258065E-01  0.32258065E-01  0.45183878E+00  0.13720057E+00
  0.32258065E-01  0.64516129E-01  0.69928084E+00  0.72226306E+00
  0.32258065E-01  0.96774194E-01  0.14859234E+00  0.49016931E+00
  0.32258065E-01  0.12903226E+00  0.34447664E-01  0.46552996E+00
  0.32258065E-01  0.16129032E+00  0.17559902E+00  0.66331402E+00
  0.32258065E-01  0.19354839E+00  0.73854833E+00  0.57127072E+00
  0.32258065E-01  0.22580645E+00  0.12191088E-02  0.63235140E+00
  0.32258065E-01  0.25806452E+00  0.11662832E+00  0.72713137E+00
  0.32258065E-01  0.29032258E+00  0.87655826E+00  0.65623179E+00
  0.32258065E-01  0.32258065E+00  0.47522844E+00  0.62274155E+00
  0.32258065E-01  0.35483871E+00  0.27296747E+00  0.71463916E+00
  0.32258065E-01  0.38709677E+00  0.55988491E+00  0.38721458E+00
  0.32258065E-01  0.41935484E+00  0.31954314E+00  0.94549115E+00
  0.32258065E-01  0.45161290E+00  0.99262927E+00  0.26647403E-01
  0.32258065E-01  0.48387097E+00  0.24062698E+00  0.82439009E-01
  0.32258065E-01  0.51612903E+00  0.70948843E+00  0.86162060E+00
  0.32258065E-01  0.54838710E+00  0.79330610E+00  0.89236766E+00
  0.32258065E-01  0.58064516E+00  0.39798468E+00  0.96469840E+00
  0.32258065E-01  0.61290323E+00  0.70491296E+00  0.61289564E+00
  0.32258065E-01  0.64516129E+00  0.93463566E+00  0.59792867E+00
  0.32258065E-01  0.67741935E+00  0.11052537E+00  0.38987515E+00
  0.32258065E-01  0.70967742E+00  0.82245436E+00  0.65034294E+00
  0.32258065E-01  0.74193548E+00  0.99046651E+00  0.71489202E+00
  0.32258065E-01  0.77419355E+00  0.62844915E+00  0.75456351E-01
  0.32258065E-01  0.80645161E+00  0.60780493E+00  0.86276574E+00
  0.32258065E-01  0.83870968E+00  0.42112374E+00  0.32876771E+00
  0.32258065E-01  0.87096774E+00  0.94585453E+00  0.32904942E+00
  0.32258065E-01  0.90322581E+00  0.20797723E+00  0.80525946E+00
  0.32258065E-01  0.93548387E+00  0.14567458E+00  0.26752982E+00
  0.32258065E-01  0.96774194E+00  0.37300405E+00  0.27689769E+00
  0.32258065E-01  0.10000000E+01  0.94356969E+00  0.92772736E+00
  0.64516129E-01  0.00000000E+00  0.74507081E+00  0.30808893E+00
  0.64516129E-01  0.32258065E-01  0.78126184E+00  0.57835313E+00
  0.64516129E-01  0.64516129E-01  0.69675771E+00  0.77808120E+00
  0.64516129E-01  0.96774194E-01  0.55818019E+00  0.74120334E+00
  0.64516129E-01  0.12903226E+00  0.77739830E+00  0.40376348E+00
  0.64516129E-01  0.16129032E+00  0.93770023E+00  0.34884116E+00
  0.64516129E-01  0.19354839E+00  0.61996516E+00  0.35147337E+00
  0.64516129E-01  0.22580645E+00  0.22883519E+00  0.92357647E+00
  0.64516129E-01  0.25806452E+00  0.81888718E+00  0.85886803E+00
  0.64516129E-01  0.29032258E+00  0.92080462E+00  0.77778874E+00
  0.64516129E-01  0.32258065E+00  0.36754953E+00  0.67242424E+00
  0.64516129E-01  0.35483871E+00  0.12053433E+00  0.45142702E+00
  0.64516129E-01  0.38709677E+00  0.95793703E-01  0.48493831E+00
  0.64516129E-01  0.41935484E+00  0.99015647E+00  0.14950992E+00
  0.64516129E-01  0.45161290E+00  0.10741747E+00  0.37302616E+00
  0.64516129E-01  0.48387097E+00  0.18450944E+00  0.17962566E+00
  0.64516129E-01  0.51612903E+00  0.21767490E+00  0.23462329E+00
  0.64516129E-01  0.54838710E+00  0.28863799E+00  0.38943202E+00
  0.64516129E-01  0.58064516E+00  0.39077639E+00  0.22648478E+00
  0.64516129E-01  0.61290323E+00  0.25529314E+00  0.60415636E+00
  0.64516129E-01  0.64516129E+00  0.17738859E+00  0.20168527E+00
  0.64516129E-01  0.67741935E+00  0.84243221E+00  0.64095631E-01
  0.64516129E-01  0.70967742E+00  0.15213450E+00  0.14711901E+00
  0.64516129E-01  0.74193548E+00  0.50718828E-01  0.86211635E+00
  0.64516129E-01  0.77419355E+00  0.35109337E+00  0.62099981E+00
  0.64516129E-01  0.80645161E+00  0.56102291E+00  0.38115464E+00
  0.64516129E-01  0.83870968E+00  0.70930078E+00  0.19036106E+00
  0.64516129E-01  0.87096774E+00  0.17192068E+00  0.73171616E+00
  0.64516129E-01  0.90322581E+00  0.49824860E+00  0.86855574E+00
  0.64516129E-01  0.93548387E+00  0.23719466E+00  0.18937620E+00
  0.64516129E-01  0.96774194E+00  0.76338501E+00  0.55275641E+00
  0.64516129E-01  0.10000000E+01  0.10333367E+00  0.63227959E+00
  0.96774194E-01  0.00000000E+00  0.89648440E+00  0.45679925E+00
  0.96774194E-01  0.32258065E-01  0.79339418E+00  0.66600415E+00
  0.96774194E-01  0.64516129E-01  0.56480939E+00  0.89187320E+00
  0.96774194E-01  0.96774194E-01  0.28158618E+00  0.77628707E-01
  0.96774194E-01  0.12903226E+00  0.32412237E+00  0.83348706E+00
  0.96774194E-01  0.16129032E+00  0.27102938E+00  0.44080616E-01
  0.96774194E-01  0.19354839E+00  0.78780409E+00  0.47587959E+00
  0.96774194E-01  0.22580645E+00  0.51550069E+00  0.38461390E+00
  0.96774194E-01  0.25806452E+00  0.95940258E+00  0.12269508E+00
  0.96774194E-01  0.29032258E+00  0.37769423E+00  0.74663810E+00
  0.96774194E-01  0.32258065E+00  0.67013308E+00  0.62448332E+00
  0.96774194E-01  0.35483871E+00  0.26672137E+00  0.43218287E-01
  0.96774194E-01  0.38709677E+00  0.16378073E-01  0.81619965E+00
  0.96774194E-01  0.41935484E+00  0.75610712E-01  0.89057503E+00
  0.96774194E-01  0.45161290E+00  0.79718728E+00  0.95470489E+00
  0.96774194E-01  0.48387097E+00  0.61880809E+00  0.45584424E-01
  0.96774194E-01  0.51612903E+00  0.95177766E+00  0.15626541E+00
  0.96774194E-01  0.54838710E+00  0.69676580E-01  0.84327809E+00
  0.96774194E-01  0.58064516E+00  0.99703340E+00  0.83405307E+00
  0.96774194E-01  0.61290323E+00  0.39799649E+00  0.63434315E+00
  0.96774194E-01  0.64516129E+00  0.46500593E+00  0.13564526E+00
  0.96774194E-01  0.67741935E+00  0.80746538E+00  0.22262226E+00
  0.96774194E-01  0.70967742E+00  0.34041393E+00  0.38052489E+00
  0.96774194E-01  0.74193548E+00  0.17319802E+00  0.30261359E+00
  0.96774194E-01  0.77419355E+00  0.49814328E+00  0.49758040E+00
  0.96774194E-01  0.80645161E+00  0.47922643E+00  0.89697082E+00
  0.96774194E-01  0.83870968E+00  0.14074713E+00  0.46260571E+00
  0.96774194E-01  0.87096774E+00  0.25599988E+00  0.79400314E+00
  0.96774194E-01  0.90322581E+00  0.23594586E+00  0.73580029E+00
  0.96774194E-01  0.93548387E+00  0.17884847E-01  0.98517529E+00
  0.96774194E-01  0.96774194E+00  0.95412707E+00  0.69926912E+00
  0.96774194E-01  0.10000000E+01  0.70066507E+00  0.10260749E+00
  0.12903226E+00  0.00000000E+00  0.11110081E+00  0.87408862E+00
  0.12903226E+00  0.32258065E-01  0.50933487E+00  0.36176764E-01
  0.12903226E+00  0.64516129E-01  0.97774919E+00  0.50782785E+00
  0.12903226E+00  0.96774194E-01  0.35450914E+00  0.57701272E+00
  0.12903226E+00  0.12903226E+00  0.62856939E+00  0.17177984E+00
  0.12903226E+00  0.16129032E+00  0.89084570E+00  0.53017710E+00
  0.12903226E+00  0.19354839E+00  0.28538688E+00  0.87017376E+00
  0.12903226E+00  0.22580645E+00  0.96054660E+00  0.59582286E-01
  0.12903226E+00  0.25806452E+00  0.20155298E-01  0.28598024E+00
  0.12903226E+00  0.29032258E+00  0.47469206E+00  0.72663215E+00
  0.12903226E+00  0.32258065E+00  0.19245646E+00  0.21841137E+00
  0.12903226E+00  0.35483871E+00  0.85074048E+00  0.92772199E+00
  0.12903226E+00  0.38709677E+00  0.88700036E+00  0.20420679E-01
  0.12903226E+00  0.41935484E+00  0.45002845E+00  0.33173858E+00
  0.12903226E+00  0.45161290E+00  0.35112514E+00  0.36203165E-01
  0.12903226E+00  0.48387097E+00  0.15270702E-01  0.31756014E+00
  0.12903226E+00  0.51612903E+00  0.43229715E+00  0.38695276E-01
  0.12903226E+00  0.54838710E+00  0.10806016E+00  0.41155634E+00
  0.12903226E+00  0.58064516E+00  0.15610901E-01  0.66707492E+00
  0.12903226E+00  0.61290323E+00  0.54636793E+00  0.72508832E+00
  0.12903226E+00  0.64516129E+00  0.46128906E+00  0.86426144E+00
  0.12903226E+00  0.67741935E+00  0.84204327E+00  0.39200866E+00
  0.12903226E+00  0.70967742E+00  0.42182501E-01  0.31441567E+00
  0.12903226E+00  0.74193548E+00  0.63831362E+00  0.61613994E-02
  0.12903226E+00  0.77419355E+00  0.38127024E+00  0.88043986E+00
  0.12903226E+00  0.80645161E+00  0.14728461E+00  0.58882042E-01
  0.12903226E+00  0.83870968E+00  0.88915949E+00  0.41477753E-01
  0.12903226E+00  0.87096774E+00  0.58744002E+00  0.37649753E+00
  0.12903226E+00  0.90322581E+00  0.20158562E+00  0.33041451E+00
  0.12903226E+00  0.93548387E+00  0.62114182E+00  0.55782628E+00
  0.12903226E+00  0.96774194E+00  0.61691219E+00  0.77137678E+00
  0.12903226E+00  0.10000000E+01  0.79213015E+00  0.41167815E+00
  0.16129032E+00  0.00000000E+00  0.31486824E+00  0.94567796E+00
  0.16129032E+00  0.32258065E-01  0.29080711E+00  0.12253717E+00
  0.16129032E+00  0.64516129E-01  0.60463961E+00  0.73242349E+00
  0.16129032E+00  0.96774194E-01  0.26853099E+00  0.53810510E+00
  0.16129032E+00  0.12903226E+00  0.60113642E+00  0.76121436E+00
  0.16129032E+00  0.16129032E+00  0.24127289E+00  0.81466973E+00
  0.16129032E+00  0.19354839E+00  0.16159110E+00  0.35097643E-01
  0.16129032E+00  0.22580645E+00  0.68224730E+00  0.41525435E+00
  0.16129032E+00  0.25806452E+00  0.48457521E+00  0.33644783E+00
  0.16129032E+00  0.29032258E+00  0.62475783E+00  0.30095965E+00
  0.16129032E+00  0.32258065E+00  0.54749940E+00  0.66446681E+00
  0.16129032E+00  0.35483871E+00  0.99697195E-01  0.36846368E+00
  0.16129032E+00  0.38709677E+00  0.54411345E+00  0.67268384E+00
  0.16129032E+00  0.41935484E+00  0.57304721E+00  0.88752194E+00
  0.16129032E+00  0.45161290E+00  0.32200623E+00  0.10645559E+00
  0.16129032E+00  0.48387097E+00  0.38337883E+00  0.93846727E+00
  0.16129032E+00  0.51612903E+00  0.82010575E+00  0.24046612E+00
  0.16129032E+00  0.54838710E+00  0.17935208E+00  0.84970992E+00
  0.16129032E+00  0.58064516E+00  0.50617910E+00  0.31622688E+00
  0.16129032E+00  0.61290323E+00  0.35721614E+00  0.63523755E+00
  0.16129032E+00  0.64516129E+00  0.81433249E+00  0.97957670E+00
  0.16129032E+00  0.67741935E+00  0.49830927E+00  0.43211519E+00
  0.16129032E+00  0.70967742E+00  0.58251127E+00  0.71818183E+00
  0.16129032E+00  0.74193548E+00  0.80655886E+00  0.93798528E+00
  0.16129032E+00  0.77419355E+00  0.48999986E+00  0.29903589E+00
  0.16129032E+00  0.80645161E+00  0.54598141E+00  0.84856762E+00
  0.16129032E+00  0.83870968E+00  0.49492182E+00  0.20595989E+00
  0.16129032E+00  0.87096774E+00  0.47818251E+00  0.29515945E+00
  0.16129032E+00  0.90322581E+00  0.27173981E+00  0.77102262E-01
  0.16129032E+00  0.93548387E+00  0.29985688E+00  0.28213537E+00
  0.16129032E+00  0.96774194E+00  0.64875559E+00  0.14243879E+00
  0.16129032E+00  0.10000000E+01  0.80288357E-01  0.12444738E+00
  0.19354839E+00  0.00000000E+00  0.94785928E+00  0.65624474E+00
  0.19354839E+00  0.32258065E-01  0.10479631E+00  0.70025578E+00
  0.19354839E+00  0.64516129E-01  0.40939488E+00  0.82684051E+00
  0.19354839E+00  0.96774194E-01  0.39304825E+00  0.81187731E+00
  0.19354839E+00  0.12903226E+00  0.80129346E+00  0.99209854E+00
  0.19354839E+00  0.16129032E+00  0.66998316E+00  0.60012347E-01
  0.19354839E+00  0.19354839E+00  0.40145750E+00  0.85882463E+00
  0.19354839E+00  0.22580645E+00  0.84071602E+00  0.17736085E+00
  0.19354839E+00  0.25806452E+00  0.35158951E+00  0.54498794E+00
  0.19354839E+00  0.29032258E+00  0.89291189E+00  0.26536138E-01
  0.19354839E+00  0.32258065E+00  0.94692064E-01  0.17220922E-01
  0.19354839E+00  0.35483871E+00  0.33428584E+00  0.37564836E-01
  0.19354839E+00  0.38709677E+00  0.81256777E+00  0.52831939E+00
  0.19354839E+00  0.41935484E+00  0.63010303E+00  0.64538691E+00
  0.19354839E+00  0.45161290E+00  0.86331930E+00  0.54742463E-01
  0.19354839E+00  0.48387097E+00  0.64067863E+00  0.72735567E+00
  0.19354839E+00  0.51612903E+00  0.21884935E+00  0.73411261E+00
  0.19354839E+00  0.54838710E+00  0.58877897E-01  0.40737719E-01
  0.19354839E+00  0.58064516E+00  0.90236071E+00  0.30271562E+00
  0.19354839E+00  0.61290323E+00  0.84761610E+00  0.66021303E+00
  0.19354839E+00  0.64516129E+00  0.42585616E+00  0.53300061E+00
  0.19354839E+00  0.67741935E+00  0.67735859E+00  0.41537488E+00
  0.19354839E+00  0.70967742E+00  0.22763859E+00  0.67108004E+00
  0.19354839E+00  0.74193548E+00  0.36362074E+00  0.32822989E+00
  0.19354839E+00  0.77419355E+00  0.10981088E+00  0.87422968E+00
  0.19354839E+00  0.80645161E+00  0.30446799E+00  0.50698007E-01
  0.19354839E+00  0.83870968E+00  0.67577601E+00  0.64838865E+00
  0.19354839E+00  0.87096774E+00  0.91801581E+00  0.30211250E+00
  0.19354839E+00  0.90322581E+00  0.76773698E+00  0.28565939E+00
  0.19354839E+00  0.93548387E+00  0.79929742E-01  0.30671999E+00
  0.19354839E+00  0.96774194E+00  0.90419683E+00  0.30180767E+00
  0.19354839E+00  0.10000000E+01  0.56092536E+00  0.23118039E+00
  0.22580645E+00  0.00000000E+00  0.27113130E+00  0.30254596E+00
  0.22580645E+00  0.32258065E-01  0.43263020E+00  0.94142547E-01
  0.22580645E+00  0.64516129E-01  0.40664845E+00  0.98963771E+00
  0.22580645E+00  0.96774194E-01  0.88499505E+00  0.30076901E+00
  0.22580645E+00  0.12903226E+00  0.87072966E+00  0.72282081E+00
  0.22580645E+00  0.16129032E+00  0.81683451E+00  0.19204621E+00
  0.22580645E+00  0.19354839E+00  0.76488628E+00  0.74308886E+00
  0.22580645E+00  0.22580645E+00  0.48372793E+00  0.36640489E+00
  0.22580645E+00  0.25806452E+00  0.60814064E+00  0.86568474E+00
  0.22580645E+00  0.29032258E+00  0.77751563E+00  0.71527506E+00
  0.22580645E+00  0.32258065E+00  0.77452606E+00  0.91760058E+00
  0.22580645E+00  0.35483871E+00  0.66379891E+00  0.86058599E+00
  0.22580645E+00  0.38709677E+00  0.93058684E+00  0.17507779E+00
  0.22580645E+00  0.41935484E+00  0.61944007E+00  0.59226621E+00
  0.22580645E+00  0.45161290E+00  0.47287827E+00  0.80110705E+00
  0.22580645E+00  0.48387097E+00  0.70062400E-01  0.30574355E+00
  0.22580645E+00  0.51612903E+00  0.96546663E+00  0.28292829E+00
  0.22580645E+00  0.54838710E+00  0.82755016E+00  0.43944507E+00
  0.22580645E+00  0.58064516E+00  0.57742917E+00  0.86953074E+00
  0.22580645E+00  0.61290323E+00  0.52754862E+00  0.91229711E+00
  0.22580645E+00  0.64516129E+00  0.52035415E+00  0.91528513E-02
  0.22580645E+00  0.67741935E+00  0.66964001E-01  0.56122530E+00
  0.22580645E+00  0.70967742E+00  0.48584081E+00  0.78678239E+00
  0.22580645E+00  0.74193548E+00  0.41463545E-01  0.57865450E+00
  0.22580645E+00  0.77419355E+00  0.82999358E-01  0.36165635E+00
  0.22580645E+00  0.80645161E+00  0.18297546E+00  0.95000886E+00
  0.22580645E+00  0.83870968E+00  0.27595101E+00  0.40476103E+00
  0.22580645E+00  0.87096774E+00  0.79718896E+00  0.89121180E+00
  0.22580645E+00  0.90322581E+00  0.82132795E+00  0.53633196E+00
  0.22580645E+00  0.93548387E+00  0.20105421E+00  0.28618599E+00
  0.22580645E+00  0.96774194E+00  0.70577337E+00  0.76335397E+00
  0.22580645E+00  0.10000000E+01  0.16028240E+00  0.12435340E+00
  0.25806452E+00  0.00000000E+00  0.92334154E+00  0.75920037E+00
  0.25806452E+00  0.32258065E-01  0.84566637E+00  0.62562800E-01
  0.25806452E+00  0.64516129E-01  0.15928424E+00  0.62778377E+00
  0.25806452E+00  0.96774194E-01  0.73488857E-01  0.44831684E+00
  0.25806452E+00  0.12903226E+00  0.83288466E+00  0.88205842E+00
  0.25806452E+00  0.16129032E+00  0.91855873E+00  0.57126962E+00
  0.25806452E+00  0.19354839E+00  0.24925264E+00  0.36249810E+00
  0.25806452E+00  0.22580645E+00  0.38253431E+00  0.22650000E+00
  0.25806452E+00  0.25806452E+00  0.71596993E+00  0.17816176E+00
  0.25806452E+00  0.29032258E+00  0.68829581E+00  0.19642204E+00
  0.25806452E+00  0.32258065E+00  0.98059024E+00  0.14419356E+00
  0.25806452E+00  0.35483871E+00  0.71744539E+00  0.68828501E+00
  0.25806452E+00  0.38709677E+00  0.66813918E+00  0.21932288E+00
  0.25806452E+00  0.41935484E+00  0.44780713E+00  0.77167338E+00
  0.25806452E+00  0.45161290E+00  0.71861428E+00  0.94336429E+00
  0.25806452E+00  0.48387097E+00  0.39092703E+00  0.81600684E+00
  0.25806452E+00  0.51612903E+00  0.82448502E+00  0.87471758E+00
  0.25806452E+00  0.54838710E+00  0.29573009E-01  0.92804027E+00
  0.25806452E+00  0.58064516E+00  0.86819277E+00  0.27867730E-01
  0.25806452E+00  0.61290323E+00  0.25523492E+00  0.38936375E+00
  0.25806452E+00  0.64516129E+00  0.35965085E+00  0.31088493E+00
  0.25806452E+00  0.67741935E+00  0.80562454E+00  0.93902587E-01
  0.25806452E+00  0.70967742E+00  0.87374449E+00  0.96292459E+00
  0.25806452E+00  0.74193548E+00  0.70217555E+00  0.98541727E+00
  0.25806452E+00  0.77419355E+00  0.48783085E+00  0.99172730E+00
  0.25806452E+00  0.80645161E+00  0.68754359E+00  0.49500352E+00
  0.25806452E+00  0.83870968E+00  0.21923901E+00  0.61111886E+00
  0.25806452E+00  0.87096774E+00  0.66310619E+00  0.97859222E+00
  0.25806452E+00  0.90322581E+00  0.46276997E+00  0.67851030E+00
  0.25806452E+00  0.93548387E+00  0.12646282E+00  0.15444951E+00
  0.25806452E+00  0.96774194E+00  0.42819668E+00  0.13239783E+00
  0.25806452E+00  0.10000000E+01  0.60893487E+00  0.54067669E+00
  0.29032258E+00  0.00000000E+00  0.64293064E+00  0.81169017E+00
  0.29032258E+00  0.32258065E-01  0.19080630E+00  0.54070016E+00
  0.29032258E+00  0.64516129E-01  0.42575503E+00  0.40611637E+00
  0.29032258E+00  0.96774194E-01  0.62992749E+00  0.55324503E+00
  0.29032258E+00  0.12903226E+00  0.90929829E+00  0.68434333E-01
  0.29032258E+00  0.16129032E+00  0.45733781E+00  0.96149629E+00
  0.29032258E+00  0.19354839E+00  0.81868415E+00  0.14812861E+00
  0.29032258E+00  0.22580645E+00  0.15281494E+00  0.43233657E+00
  0.29032258E+00  0.25806452E+00  0.49771924E+00  0.48885490E+00
  0.29032258E+00  0.29032258E+00  0.33569423E-01  0.84556963E+00
  0.29032258E+00  0.32258065E+00  0.34639303E+00  0.86594002E+00
  0.29032258E+00  0.35483871E+00  0.69174465E+00  0.73142037E+00
  0.29032258E+00  0.38709677E+00  0.25837783E+00  0.42388195E+00
  0.29032258E+00  0.41935484E+00  0.43191690E+00  0.70803484E+00
  0.29032258E+00  0.45161290E+00  0.58528856E-01  0.11384982E+00
  0.29032258E+00  0.48387097E+00  0.70859528E+00  0.91898024E+00
  0.29032258E+00  0.51612903E+00  0.94038415E+00  0.13118388E+00
  0.29032258E+00  0.54838710E+00  0.56372178E+00  0.47074488E+00
  0.29032258E+00  0.58064516E+00  0.90366464E+00  0.35289554E+00
  0.29032258E+00  0.61290323E+00  0.64171254E-01  0.87023825E+00
  0.29032258E+00  0.64516129E+00  0.19177409E+00  0.77516734E+00
  0.29032258E+00  0.67741935E+00  0.73925141E+00  0.46229096E+00
  0.29032258E+00  0.70967742E+00  0.72929915E+00  0.95085297E+00
  0.29032258E+00  0.74193548E+00  0.18202806E-01  0.86715478E+00
  0.29032258E+00  0.77419355E+00  0.55950931E+00  0.42697726E+00
  0.29032258E+00  0.80645161E+00  0.66769888E+00  0.41800260E+00
  0.29032258E+00  0.83870968E+00  0.28185694E+00  0.18223618E+00
  0.29032258E+00  0.87096774E+00  0.22934593E+00  0.59842847E+00
  0.29032258E+00  0.90322581E+00  0.48947726E+00  0.64496864E-01
  0.29032258E+00  0.93548387E+00  0.45718310E+00  0.47994758E+00
  0.29032258E+00  0.96774194E+00  0.20668835E+00  0.22829755E+00
  0.29032258E+00  0.10000000E+01  0.75518241E+00  0.15949626E+00
  0.32258065E+00  0.00000000E+00  0.92383292E+00  0.74362964E+00
  0.32258065E+00  0.32258065E-01  0.44487022E+00  0.81642210E-01
  0.32258065E+00  0.64516129E-01  0.74479933E+00  0.26331348E-02
  0.32258065E+00  0.96774194E-01  0.47722522E+00  0.36184963E+00
  0.32258065E+00  0.12903226E+00  0.41004310E+00  0.56538310E+00
  0.32258065E+00  0.16129032E+00  0.75161028E+00  0.61509102E+00
  0.32258065E+00  0.19354839E+00  0.47691807E+00  0.15351879E+00
  0.32258065E+00  0.22580645E+00  0.65376363E+00  0.50882167E+00
  0.32258065E+00  0.25806452E+00  0.76892187E+00  0.73968656E+00
  0.32258065E+00  0.29032258E+00  0.54317314E-01  0.68025397E+00
  0.32258065E+00  0.32258065E+00  0.81319595E+00  0.98503983E+00
  0.32258065E+00  0.35483871E+00  0.74629716E+00  0.17385738E+00
  0.32258065E+00  0.38709677E+00  0.27802555E+00  0.67673909E+00
  0.32258065E+00  0.41935484E+00  0.88262282E+00  0.87885845E+00
  0.32258065E+00  0.45161290E+00  0.41033968E+00  0.16545192E+00
  0.32258065E+00  0.48387097E+00  0.41360770E+00  0.96674078E+00
  0.32258065E+00  0.51612903E+00  0.47321119E+00  0.80285299E+00
  0.32258065E+00  0.54838710E+00  0.52445906E+00  0.32874509E+00
  0.32258065E+00  0.58064516E+00  0.18335672E+00  0.37912404E+00
  0.32258065E+00  0.61290323E+00  0.72777922E-01  0.13369145E-01
  0.32258065E+00  0.64516129E+00  0.14863668E+00  0.56045389E+00
  0.32258065E+00  0.67741935E+00  0.26059113E-01  0.66386782E+00
  0.32258065E+00  0.70967742E+00  0.30555532E+00  0.32653844E+00
  0.32258065E+00  0.74193548E+00  0.89919126E+00  0.95575305E+00
  0.32258065E+00  0.77419355E+00  0.35676066E+00  0.40808067E+00
  0.32258065E+00  0.80645161E+00  0.19195681E+00  0.34293858E-01
  0.32258065E+00  0.83870968E+00  0.20854452E+00  0.72429064E+00
  0.32258065E+00  0.87096774E+00  0.82653196E+00  0.95201634E+00
  0.32258065E+00  0.90322581E+00  0.40834254E+00  0.82038550E+00
  0.32258065E+00  0.93548387E+00  0.58498676E+00  0.10620369E+00
  0.32258065E+00  0.96774194E+00  0.58223413E+00  0.30508946E+00
  0.32258065E+00  0.10000000E+01  0.54678503E+00  0.67639616E+00
  0.35483871E+00  0.00000000E+00  0.85903188E+00  0.49138756E+00
  0.35483871E+00  0.32258065E-01  0.10940032E+00  0.47258644E-02
  0.35483871E+00  0.64516129E-01  0.88387263E+00  0.71290128E+00
  0.35483871E+00  0.96774194E-01  0.85675237E+00  0.65331381E+00
  0.35483871E+00  0.12903226E+00  0.46552796E-01  0.49471306E+00
  0.35483871E+00  0.16129032E+00  0.20466869E+00  0.64462003E+00
  0.35483871E+00  0.19354839E+00  0.20404828E+00  0.35674908E+00
  0.35483871E+00  0.22580645E+00  0.42786505E+00  0.83842971E+00
  0.35483871E+00  0.25806452E+00  0.15818971E+00  0.35802853E+00
  0.35483871E+00  0.29032258E+00  0.96466196E+00  0.35237105E+00
  0.35483871E+00  0.32258065E+00  0.93162456E-01  0.53416362E+00
  0.35483871E+00  0.35483871E+00  0.85448464E+00  0.99941527E+00
  0.35483871E+00  0.38709677E+00  0.13006632E-01  0.33485959E+00
  0.35483871E+00  0.41935484E+00  0.17536308E+00  0.72537660E+00
  0.35483871E+00  0.45161290E+00  0.17911708E+00  0.61414666E-01
  0.35483871E+00  0.48387097E+00  0.48143199E+00  0.46412308E-01
  0.35483871E+00  0.51612903E+00  0.54774338E+00  0.30422013E+00
  0.35483871E+00  0.54838710E+00  0.24043082E+00  0.48652266E+00
  0.35483871E+00  0.58064516E+00  0.20748984E+00  0.38026025E+00
  0.35483871E+00  0.61290323E+00  0.27120374E+00  0.15050937E-01
  0.35483871E+00  0.64516129E+00  0.81681552E+00  0.77061233E+00
  0.35483871E+00  0.67741935E+00  0.18119969E+00  0.48418346E+00
  0.35483871E+00  0.70967742E+00  0.41534208E-01  0.55794668E+00
  0.35483871E+00  0.74193548E+00  0.80397232E+00  0.66449544E-01
  0.35483871E+00  0.77419355E+00  0.99231443E+00  0.86402665E+00
  0.35483871E+00  0.80645161E+00  0.63668001E+00  0.69222154E+00
  0.35483871E+00  0.83870968E+00  0.66217944E+00  0.28720857E+00
  0.35483871E+00  0.87096774E+00  0.27758591E+00  0.48721480E+00
  0.35483871E+00  0.90322581E+00  0.36400725E+00  0.33994183E+00
  0.35483871E+00  0.93548387E+00  0.86355787E+00  0.20998770E+00
  0.35483871E+00  0.96774194E+00  0.16803058E+00  0.88626880E+00
  0.35483871E+00  0.10000000E+01  0.50756850E+00  0.68944165E+00
  0.38709677E+00  0.00000000E+00  0.48630963E+00  0.72944521E+00
  0.38709677E+00  0.32258065E-01  0.46616122E+00  0.41829631E+00
  0.38709677E+00  0.64516129E-01  0.91498231E+00  0.31201182E+00
  0.38709677E+00  0.96774194E-01  0.19758826E+00  0.90515183E+00
  0.38709677E+00  0.12903226E+00  0.62987661E+00  0.31233447E+00
  0.38709677E+00  0.16129032E+00  0.92999905E+00  0.43815781E+00
  0.38709677E+00  0.19354839E+00  0.66953323E+00  0.14712172E+00
  0.38709677E+00  0.22580645E+00  0.72465465E+00  0.43354978E+00
  0.38709677E+00  0.25806452E+00  0.72730854E+00  0.59151111E+00
  0.38709677E+00  0.29032258E+00  0.51638175E+00  0.38474227E+00
  0.38709677E+00  0.32258065E+00  0.58887461E+00  0.21656912E+00
  0.38709677E+00  0.35483871E+00  0.55107277E+00  0.29982873E+00
  0.38709677E+00  0.38709677E+00  0.56971915E+00  0.82679120E+00
  0.38709677E+00  0.41935484E+00  0.82318576E+00  0.13908157E+00
  0.38709677E+00  0.45161290E+00  0.95264558E+00  0.89760172E+00
  0.38709677E+00  0.48387097E+00  0.51324445E+00  0.25245218E+00
  0.38709677E+00  0.51612903E+00  0.42527296E+00  0.12854047E-01
  0.38709677E+00  0.54838710E+00  0.42533827E+00  0.81707087E+00
  0.38709677E+00  0.58064516E+00  0.51753605E+00  0.30233048E+00
  0.38709677E+00  0.61290323E+00  0.42462229E+00  0.27474692E+00
  0.38709677E+00  0.64516129E+00  0.39185260E-01  0.87924228E+00
  0.38709677E+00  0.67741935E+00  0.87481729E+00  0.76946858E+00
  0.38709677E+00  0.70967742E+00  0.51728670E+00  0.27772966E+00
  0.38709677E+00  0.74193548E+00  0.75709677E-01  0.58490304E+00
  0.38709677E+00  0.77419355E+00  0.63372213E+00  0.89036179E+00
  0.38709677E+00  0.80645161E+00  0.70065158E+00  0.58189643E+00
  0.38709677E+00  0.83870968E+00  0.66268900E+00  0.40563679E+00
  0.38709677E+00  0.87096774E+00  0.23406077E+00  0.63597388E+00
  0.38709677E+00  0.90322581E+00  0.90820044E+00  0.24548175E+00
  0.38709677E+00  0.93548387E+00  0.40892070E+00  0.74839421E-01
  0.38709677E+00  0.96774194E+00  0.14158521E+00  0.27526978E-02
  0.38709677E+00  0.10000000E+01  0.64428050E+00  0.11587608E+00
  0.41935484E+00  0.00000000E+00  0.96119146E+00  0.13262525E+00
  0.41935484E+00  0.32258065E-01  0.47543108E+00  0.33670844E+00
  0.41935484E+00  0.64516129E-01  0.59461209E+00  0.80510127E+00
  0.41935484E+00  0.96774194E-01  0.79686547E+00  0.51849842E+00
  0.41935484E+00  0.12903226E+00  0.93273010E+00  0.41206422E+00
  0.41935484E+00  0.16129032E+00  0.73882468E+00  0.60785457E+00
  0.41935484E+00  0.19354839E+00  0.35151953E+00  0.64723882E+00
  0.41935484E+00  0.22580645E+00  0.82060855E+00  0.72332159E+00
  0.41935484E+00  0.25806452E+00  0.62298104E+00  0.91336470E+00
  0.41935484E+00  0.29032258E+00  0.17629356E+00  0.41120904E+00
  0.41935484E+00  0.32258065E+00  0.35264188E+00  0.75969640E+00
  0.41935484E+00  0.35483871E+00  0.99223278E+00  0.83091399E-01
  0.41935484E+00  0.38709677E+00  0.41705595E+00  0.31950332E+00
  0.41935484E+00  0.41935484E+00  0.94455588E+00  0.45330802E+00
  0.41935484E+00  0.45161290E+00  0.40130373E+00  0.74756978E+00
  0.41935484E+00  0.48387097E+00  0.63666917E+00  0.97646316E+00
  0.41935484E+00  0.51612903E+00  0.36492316E-01  0.65769496E+00
  0.41935484E+00  0.54838710E+00  0.36755551E-01  0.28492597E+00
  0.41935484E+00  0.58064516E+00  0.63725543E+00  0.56019296E+00
  0.41935484E+00  0.61290323E+00  0.91527454E+00  0.62633048E+00
  0.41935484E+00  0.64516129E+00  0.53925339E+00  0.29939277E+00
  0.41935484E+00  0.67741935E+00  0.28246226E+00  0.30107562E+00
  0.41935484E+00  0.70967742E+00  0.53667313E+00  0.49113826E+00
  0.41935484E+00  0.74193548E+00  0.82583147E+00  0.99825223E-01
  0.41935484E+00  0.77419355E+00  0.31972819E+00  0.96028821E+00
  0.41935484E+00  0.80645161E+00  0.34767150E+00  0.74100800E+00
  0.41935484E+00  0.83870968E+00  0.91215875E+00  0.17821627E+00
  0.41935484E+00  0.87096774E+00  0.20254833E+00  0.30831755E+00
  0.41935484E+00  0.90322581E+00  0.10873155E+00  0.70031101E+00
  0.41935484E+00  0.93548387E+00  0.73480452E+00  0.68821239E+00
  0.41935484E+00  0.96774194E+00  0.91274000E+00  0.60347586E+00
  0.41935484E+00  0.10000000E+01  0.71605927E+00  0.74159014E-02
  0.45161290E+00  0.00000000E+00  0.65781492E+00  0.12224150E+00
  0.45161290E+00  0.32258065E-01  0.38857718E+00  0.40473679E+00
  0.45161290E+00  0.64516129E-01  0.52749365E+00  0.22322228E+00
  0.45161290E+00  0.96774194E-01  0.63672743E+00  0.84114093E+00
  0.45161290E+00  0.12903226E+00  0.32412835E+00  0.59402010E+00
  0.45161290E+00  0.16129032E+00  0.81940481E+00  0.18439348E+00
  0.45161290E+00  0.19354839E+00  0.55029570E+00  0.97672291E+00
  0.45161290E+00  0.22580645E+00  0.71874227E+00  0.29232030E+00
  0.45161290E+00  0.25806452E+00  0.87705997E+00  0.70426947E+00
  0.45161290E+00  0.29032258E+00  0.50411034E+00  0.33234808E+00
  0.45161290E+00  0.32258065E+00  0.58147292E+00  0.13794941E+00
  0.45161290E+00  0.35483871E+00  0.16961709E+00  0.21900434E+00
  0.45161290E+00  0.38709677E+00  0.98407392E+00  0.10490315E+00
  0.45161290E+00  0.41935484E+00  0.97160812E+00  0.51417431E-01
  0.45161290E+00  0.45161290E+00  0.88638984E+00  0.33562195E+00
  0.45161290E+00  0.48387097E+00  0.86616660E+00  0.55081654E+00
  0.45161290E+00  0.51612903E+00  0.84351221E-02  0.90144793E+00
  0.45161290E+00  0.54838710E+00  0.94661324E+00  0.49803167E+00
  0.45161290E+00  0.58064516E+00  0.42621176E+00  0.65207399E+00
  0.45161290E+00  0.61290323E+00  0.88100631E+00  0.17099366E+00
  0.45161290E+00  0.64516129E+00  0.92092754E-02  0.65304389E+00
  0.45161290E+00  0.67741935E+00  0.34964161E+00  0.78223419E+00
  0.45161290E+00  0.70967742E+00  0.85790477E+00  0.62325223E+00
  0.45161290E+00  0.74193548E+00  0.48255251E+00  0.91638575E+00
  0.45161290E+00  0.77419355E+00  0.74126286E+00  0.37244442E+00
  0.45161290E+00  0.80645161E+00  0.29700991E+00  0.96768168E+00
  0.45161290E+00  0.83870968E+00  0.53423574E+00  0.23871670E+00
  0.45161290E+00  0.87096774E+00  0.13502227E+00  0.57745614E+00
  0.45161290E+00  0.90322581E+00  0.65526314E+00  0.52601615E+00
  0.45161290E+00  0.93548387E+00  0.10083559E+00  0.71644124E-01
  0.45161290E+00  0.96774194E+00  0.50377233E+00  0.94164067E+00
  0.45161290E+00  0.10000000E+01  0.49843343E+00  0.89828144E+00
  0.48387097E+00  0.00000000E+00  0.91209829E-01  0.42549959E+00
  0.48387097E+00  0.32258065E-01  0.51533808E+00  0.59761327E-01
  0.48387097E+00  0.64516129E-01  0.53908400E+00  0.23346846E+00
  0.48387097E+00  0.96774194E-01  0.18469374E+00  0.13323694E+00
  0.48387097E+00  0.12903226E+00  0.88283213E+00  0.35608504E+00
  0.48387097E+00  0.16129032E+00  0.11125451E+00  0.26685518E+00
  0.48387097E+00  0.19354839E+00  0.33478659E-01  0.35563582E+00
  0.48387097E+00  0.22580645E+00  0.13745659E+00  0.59518339E+00
  0.48387097E+00  0.25806452E+00  0.87424652E+00  0.79834406E+00
  0.48387097E+00  0.29032258E+00  0.29668464E+00  0.97547571E+00
  0.48387097E+00  0.32258065E+00  0.69805711E+00  0.69186975E+00
  0.48387097E+00  0.35483871E+00  0.25077181E+00  0.42517304E+00
  0.48387097E+00  0.38709677E+00  0.64503032E+00  0.92280970E+00
  0.48387097E+00  0.41935484E+00  0.72749974E+00  0.55940305E+00
  0.48387097E+00  0.45161290E+00  0.13998455E+00  0.69419745E+00
  0.48387097E+00  0.48387097E+00  0.95809855E+00  0.28480176E-01
  0.48387097E+00  0.51612903E+00  0.32993666E+00  0.96300331E+00
  0.48387097E+00  0.54838710E+00  0.11474685E+00  0.95540562E+00
  0.48387097E+00  0.58064516E+00  0.52160200E+00  0.87763439E+00
  0.48387097E+00  0.61290323E+00  0.74807175E+00  0.37336735E+00
  0.48387097E+00  0.64516129E+00  0.61889441E+00  0.21543452E+00
  0.48387097E+00  0.67741935E+00  0.22464882E+00  0.66324011E+00
  0.48387097E+00  0.70967742E+00  0.56042622E+00  0.82018434E+00
  0.48387097E+00  0.74193548E+00  0.16450213E+00  0.99108539E+00
  0.48387097E+00  0.77419355E+00  0.75700824E+00  0.39601231E-01
  0.48387097E+00  0.80645161E+00  0.87860425E+00  0.74565149E+00
  0.48387097E+00  0.83870968E+00  0.52914978E+00  0.16283935E+00
  0.48387097E+00  0.87096774E+00  0.80637622E+00  0.97587343E+00
  0.48387097E+00  0.90322581E+00  0.54455862E+00  0.85798962E+00
  0.48387097E+00  0.93548387E+00  0.95318756E+00  0.82837302E+00
  0.48387097E+00  0.96774194E+00  0.25564103E+00  0.60957974E+00
  0.48387097E+00  0.10000000E+01  0.32785629E+00  0.98495884E+00
  0.51612903E+00  0.00000000E+00  0.53714680E-01  0.98182606E+00
  0.51612903E+00  0.32258065E-01  0.72414606E+00  0.52386627E+00
  0.51612903E+00  0.64516129E-01  0.45818980E+00  0.25144981E+00
  0.51612903E+00  0.96774194E-01  0.43948242E+00  0.89727329E+00
  0.51612903E+00  0.12903226E+00  0.74976417E+00  0.60095659E+00
  0.51612903E+00  0.16129032E+00  0.70050879E-01  0.32896480E+00
  0.51612903E+00  0.19354839E+00  0.38180584E+00  0.29453003E+00
  0.51612903E+00  0.22580645E+00  0.66811169E+00  0.37757330E+00
  0.51612903E+00  0.25806452E+00  0.61484229E+00  0.54462645E+00
  0.51612903E+00  0.29032258E+00  0.31183456E+00  0.26875397E+00
  0.51612903E+00  0.32258065E+00  0.95406041E+00  0.94947489E+00
  0.51612903E+00  0.35483871E+00  0.54279858E+00  0.33268468E+00
  0.51612903E+00  0.38709677E+00  0.58680653E+00  0.93057709E+00
  0.51612903E+00  0.41935484E+00  0.80349230E+00  0.44156605E+00
  0.51612903E+00  0.45161290E+00  0.82008640E+00  0.17020751E+00
  0.51612903E+00  0.48387097E+00  0.87481368E+00  0.44712136E+00
  0.51612903E+00  0.51612903E+00  0.51806519E+00  0.48913275E-01
  0.51612903E+00  0.54838710E+00  0.31357010E+00  0.61809661E+00
  0.51612903E+00  0.58064516E+00  0.53956750E+00  0.83014259E-01
  0.51612903E+00  0.61290323E+00  0.88997836E+00  0.77760526E-01
  0.51612903E+00  0.64516129E+00  0.17557735E+00  0.36210302E+00
  0.51612903E+00  0.67741935E+00  0.25164710E-01  0.24140451E+00
  0.51612903E+00  0.70967742E+00  0.58673817E+00  0.98654482E+00
  0.51612903E+00  0.74193548E+00  0.22866479E+00  0.25384268E+00
  0.51612903E+00  0.77419355E+00  0.24085284E+00  0.50497763E+00
  0.51612903E+00  0.80645161E+00  0.53592369E+00  0.42691187E+00
  0.51612903E+00  0.83870968E+00  0.35038365E+00  0.35181214E+00
  0.51612903E+00  0.87096774E+00  0.94579590E+00  0.67697160E+00
  0.51612903E+00  0.90322581E+00  0.30995232E+00  0.28473171E+00
  0.51612903E+00  0.93548387E+00  0.85804536E+00  0.96240411E+00
  0.51612903E+00  0.96774194E+00  0.13383997E+00  0.82219245E+00
  0.51612903E+00  0.10000000E+01  0.51084542E+00  0.72111433E+00
  0.54838710E+00  0.00000000E+00  0.69092883E+00  0.77442189E+00
  0.54838710E+00  0.32258065E-01  0.28766876E+00  0.48252924E+00
  0.54838710E+00  0.64516129E-01  0.24619768E+00  0.62867757E+00
  0.54838710E+00  0.96774194E-01  0.92052799E+00  0.29820655E+00
  0.54838710E+00  0.12903226E+00  0.61691401E+00  0.75603279E-01
  0.54838710E+00  0.16129032E+00  0.35752381E+00  0.52692414E+00
  0.54838710E+00  0.19354839E+00  0.64411114E+00  0.68221667E+00
  0.54838710E+00  0.22580645E+00  0.22168723E+00  0.51794148E+00
  0.54838710E+00  0.25806452E+00  0.84219275E+00  0.43939406E+00
  0.54838710E+00  0.29032258E+00  0.28169617E-01  0.76312670E+00
  0.54838710E+00  0.32258065E+00  0.83643290E+00  0.19937037E+00
  0.54838710E+00  0.35483871E+00  0.62174270E+00  0.33445657E+00
  0.54838710E+00  0.38709677E+00  0.80047599E+00  0.11323921E+00
  0.54838710E+00  0.41935484E+00  0.61429856E+00  0.32151649E+00
  0.54838710E+00  0.45161290E+00  0.89383680E+00  0.68452793E-01
  0.54838710E+00  0.48387097E+00  0.82234965E+00  0.26900052E+00
  0.54838710E+00  0.51612903E+00  0.69940045E+00  0.12632200E+00
  0.54838710E+00  0.54838710E+00  0.70452879E+00  0.61421135E+00
  0.54838710E+00  0.58064516E+00  0.66092244E+00  0.95951634E+00
  0.54838710E+00  0.61290323E+00  0.79908915E+00  0.12456031E+00
  0.54838710E+00  0.64516129E+00  0.52052861E+00  0.28956398E+00
  0.54838710E+00  0.67741935E+00  0.16140426E+00  0.33506739E+00
  0.54838710E+00  0.70967742E+00  0.75621519E+00  0.32435172E+00
  0.54838710E+00  0.74193548E+00  0.80146802E+00  0.98586120E+00
  0.54838710E+00  0.77419355E+00  0.19348758E-01  0.19562499E+00
  0.54838710E+00  0.80645161E+00  0.12139469E+00  0.45967901E+00
  0.54838710E+00  0.83870968E+00  0.57216624E+00  0.39648788E+00
  0.54838710E+00  0.87096774E+00  0.35291888E+00  0.21936673E+00
  0.54838710E+00  0.90322581E+00  0.72527495E+00  0.21890313E+00
  0.54838710E+00  0.93548387E+00  0.99489557E+00  0.24537891E+00
  0.54838710E+00  0.96774194E+00  0.27515253E+00  0.19119209E+00
  0.54838710E+00  0.10000000E+01  0.25080011E+00  0.47327873E+00
  0.58064516E+00  0.00000000E+00  0.97316212E+00  0.14592945E+00
  0.58064516E+00  0.32258065E-01  0.17998347E+00  0.76959291E+00
  0.58064516E+00  0.64516129E-01  0.66727537E+00  0.43285374E+00
  0.58064516E+00  0.96774194E-01  0.32101174E+00  0.82758377E+00
  0.58064516E+00  0.12903226E+00  0.35499702E-01  0.77022950E+00
  0.58064516E+00  0.16129032E+00  0.53955146E+00  0.74673396E+00
  0.58064516E+00  0.19354839E+00  0.22265616E+00  0.45745860E+00
  0.58064516E+00  0.22580645E+00  0.96115180E+00  0.36210515E+00
  0.58064516E+00  0.25806452E+00  0.94439707E+00  0.22463750E+00
  0.58064516E+00  0.29032258E+00  0.50094325E+00  0.65820357E+00
  0.58064516E+00  0.32258065E+00  0.92470607E+00  0.67005721E+00
  0.58064516E+00  0.35483871E+00  0.30113758E+00  0.20648004E+00
  0.58064516E+00  0.38709677E+00  0.33339807E+00  0.69770334E+00
  0.58064516E+00  0.41935484E+00  0.16852789E+00  0.60282994E+00
  0.58064516E+00  0.45161290E+00  0.22361933E+00  0.95475607E+00
  0.58064516E+00  0.48387097E+00  0.11988531E-01  0.90509325E+00
  0.58064516E+00  0.51612903E+00  0.96934735E+00  0.26909017E+00
  0.58064516E+00  0.54838710E+00  0.27997520E+00  0.70554536E-01
  0.58064516E+00  0.58064516E+00  0.70289096E+00  0.86774982E-01
  0.58064516E+00  0.61290323E+00  0.39802485E+00  0.39344292E+00
  0.58064516E+00  0.64516129E+00  0.75239029E+00  0.90957443E+00
  0.58064516E+00  0.67741935E+00  0.20625578E+00  0.94243213E+00
  0.58064516E+00  0.70967742E+00  0.79316772E-01  0.73244703E+00
  0.58064516E+00  0.74193548E+00  0.39686755E+00  0.99814044E+00
  0.58064516E+00  0.77419355E+00  0.71597311E+00  0.48104585E+00
  0.58064516E+00  0.80645161E+00  0.95164103E+00  0.49063075E+00
  0.58064516E+00  0.83870968E+00  0.20299334E+00  0.44921856E+00
  0.58064516E+00  0.87096774E+00  0.57943840E+00  0.43691050E+00
  0.58064516E+00  0.90322581E+00  0.26842778E-01  0.73650742E+00
  0.58064516E+00  0.93548387E+00  0.15370312E+00  0.37843172E+00
  0.58064516E+00  0.96774194E+00  0.57318039E-01  0.68564923E+00
  0.58064516E+00  0.10000000E+01  0.14995996E+00  0.81859105E+00
  0.61290323E+00  0.00000000E+00  0.14874714E+00  0.60687168E+00
  0.61290323E+00  0.32258065E-01  0.88837274E+00  0.37290309E+00
  0.61290323E+00  0.64516129E-01  0.47665611E+00  0.87867440E+00
  0.61290323E+00  0.96774194E-01  0.15314026E+00  0.44997723E+00
  0.61290323E+00  0.12903226E+00  0.66124584E+00  0.13330822E+00
  0.61290323E+00  0.16129032E+00  0.13694301E+00  0.30329093E+00
  0.61290323E+00  0.19354839E+00  0.99742331E+00  0.27009768E+00
  0.61290323E+00  0.22580645E+00  0.82977156E+00  0.88687147E+00
  0.61290323E+00  0.25806452E+00  0.27963771E+00  0.15714781E+00
  0.61290323E+00  0.29032258E+00  0.93990873E+00  0.84227664E+00
  0.61290323E+00  0.32258065E+00  0.23938047E+00  0.68844171E-01
  0.61290323E+00  0.35483871E+00  0.33142956E+00  0.93609477E+00
  0.61290323E+00  0.38709677E+00  0.98268525E+00  0.12335283E+00
  0.61290323E+00  0.41935484E+00  0.46170134E+00  0.49744468E+00
  0.61290323E+00  0.45161290E+00  0.42762797E+00  0.72012039E+00
  0.61290323E+00  0.48387097E+00  0.81888359E+00  0.85547572E+00
  0.61290323E+00  0.51612903E+00  0.74182676E+00  0.97737395E+00
  0.61290323E+00  0.54838710E+00  0.35942807E+00  0.77686777E+00
  0.61290323E+00  0.58064516E+00  0.77994199E+00  0.16962114E+00
  0.61290323E+00  0.61290323E+00  0.94557877E+00  0.90333120E+00
  0.61290323E+00  0.64516129E+00  0.52117629E+00  0.16515011E+00
  0.61290323E+00  0.67741935E+00  0.78287194E+00  0.18910693E+00
  0.61290323E+00  0.70967742E+00  0.50677450E+00  0.86352951E+00
  0.61290323E+00  0.74193548E+00  0.85763603E+00  0.33846636E+00
  0.61290323E+00  0.77419355E+00  0.27752371E+00  0.63310853E+00
  0.61290323E+00  0.80645161E+00  0.37449175E+00  0.24321145E+00
  0.61290323E+00  0.83870968E+00  0.81125324E+00  0.74851686E+00
  0.61290323E+00  0.87096774E+00  0.19385204E+00  0.42017465E+00
  0.61290323E+00  0.90322581E+00  0.96033464E+00  0.82816472E+00
  0.61290323E+00  0.93548387E+00  0.26942207E+00  0.44871892E+00
  0.61290323E+00  0.96774194E+00  0.88918172E+00  0.27174285E+00
  0.61290323E+00  0.10000000E+01  0.85699265E-01  0.40823777E+00
  0.64516129E+00  0.00000000E+00  0.73527717E+00  0.35172523E-01
  0.64516129E+00  0.32258065E-01  0.66109986E+00  0.57206931E+00
  0.64516129E+00  0.64516129E-01  0.85116009E+00  0.57124987E+00
  0.64516129E+00  0.96774194E-01  0.35012138E+00  0.18198364E+00
  0.64516129E+00  0.12903226E+00  0.79022461E-01  0.27857855E+00
  0.64516129E+00  0.16129032E+00  0.78644914E+00  0.13030295E+00
  0.64516129E+00  0.19354839E+00  0.99970617E+00  0.71307458E-01
  0.64516129E+00  0.22580645E+00  0.97598913E+00  0.17054686E+00
  0.64516129E+00  0.25806452E+00  0.65355628E+00  0.90170197E+00
  0.64516129E+00  0.29032258E+00  0.60290049E+00  0.81310149E+00
  0.64516129E+00  0.32258065E+00  0.97792103E+00  0.19764390E+00
  0.64516129E+00  0.35483871E+00  0.46709553E+00  0.76271936E+00
  0.64516129E+00  0.38709677E+00  0.24465180E+00  0.30013154E+00
  0.64516129E+00  0.41935484E+00  0.92173975E+00  0.35601950E+00
  0.64516129E+00  0.45161290E+00  0.49760320E+00  0.90077961E+00
  0.64516129E+00  0.48387097E+00  0.31075181E+00  0.99898736E+00
  0.64516129E+00  0.51612903E+00  0.99013296E+00  0.47931930E+00
  0.64516129E+00  0.54838710E+00  0.40630356E+00  0.60447486E+00
  0.64516129E+00  0.58064516E+00  0.62260201E+00  0.74109825E+00
  0.64516129E+00  0.61290323E+00  0.84632001E+00  0.29700353E-01
  0.64516129E+00  0.64516129E+00  0.37987446E+00  0.54580563E-01
  0.64516129E+00  0.67741935E+00  0.57197935E+00  0.51374868E+00
  0.64516129E+00  0.70967742E+00  0.76881758E+00  0.88884679E+00
  0.64516129E+00  0.74193548E+00  0.26521293E+00  0.11507112E+00
  0.64516129E+00  0.77419355E+00  0.25580183E+00  0.25109393E+00
  0.64516129E+00  0.80645161E+00  0.78620530E+00  0.14898540E+00
  0.64516129E+00  0.83870968E+00  0.70420081E+00  0.12413546E+00
  0.64516129E+00  0.87096774E+00  0.61089416E+00  0.62517571E+00
  0.64516129E+00  0.90322581E+00  0.81189133E+00  0.90390129E+00
  0.64516129E+00  0.93548387E+00  0.26847039E+00  0.68519271E+00
  0.64516129E+00  0.96774194E+00  0.54875336E+00  0.83693779E+00
  0.64516129E+00  0.10000000E+01  0.77887806E+00  0.39953485E-01
  0.67741935E+00  0.00000000E+00  0.29077850E+00  0.90280183E+00
  0.67741935E+00  0.32258065E-01  0.74964009E+00  0.42745987E+00
  0.67741935E+00  0.64516129E-01  0.37439619E+00  0.80182244E+00
  0.67741935E+00  0.96774194E-01  0.32874802E+00  0.80153708E+00
  0.67741935E+00  0.12903226E+00  0.33972267E+00  0.77732648E+00
  0.67741935E+00  0.16129032E+00  0.71134502E+00  0.38741034E+00
  0.67741935E+00  0.19354839E+00  0.33830953E+00  0.32992727E+00
  0.67741935E+00  0.22580645E+00  0.71965223E+00  0.75356662E-01
  0.67741935E+00  0.25806452E+00  0.97242248E+00  0.59894053E+00
  0.67741935E+00  0.29032258E+00  0.84535491E+00  0.11310545E+00
  0.67741935E+00  0.32258065E+00  0.73254131E+00  0.79988436E+00
  0.67741935E+00  0.35483871E+00  0.68710244E+00  0.54333850E+00
  0.67741935E+00  0.38709677E+00  0.43485995E+00  0.66197925E+00
  0.67741935E+00  0.41935484E+00  0.38800828E+00  0.64119001E+00
  0.67741935E+00  0.45161290E+00  0.65878645E+00  0.86564808E+00
  0.67741935E+00  0.48387097E+00  0.73150027E-01  0.35174655E+00
  0.67741935E+00  0.51612903E+00  0.18444294E+00  0.48001614E+00
  0.67741935E+00  0.54838710E+00  0.28706939E+00  0.72754711E+00
  0.67741935E+00  0.58064516E+00  0.43016569E+00  0.40041111E+00
  0.67741935E+00  0.61290323E+00  0.43127217E+00  0.36608305E+00
  0.67741935E+00  0.64516129E+00  0.89000505E+00  0.78586303E+00
  0.67741935E+00  0.67741935E+00  0.20172830E+00  0.84729814E+00
  0.67741935E+00  0.70967742E+00  0.57122552E+00  0.49660438E+00
  0.67741935E+00  0.74193548E+00  0.26371817E-01  0.17108853E+00
  0.67741935E+00  0.77419355E+00  0.43180568E+00  0.53157001E+00
  0.67741935E+00  0.80645161E+00  0.50260086E+00  0.19480276E+00
  0.67741935E+00  0.83870968E+00  0.81793824E+00  0.46589714E+00
  0.67741935E+00  0.87096774E+00  0.83477770E+00  0.70741776E-01
  0.67741935E+00  0.90322581E+00  0.90153000E+00  0.88842543E+00
  0.67741935E+00  0.93548387E+00  0.27172869E+00  0.68365891E+00
  0.67741935E+00  0.96774194E+00  0.11770190E+00  0.83919690E+00
  0.67741935E+00  0.10000000E+01  0.54424432E+00  0.88259878E-01
  0.70967742E+00  0.00000000E+00  0.92347189E+00  0.59710811E+00
  0.70967742E+00  0.32258065E-01  0.93416155E+00  0.34854312E-02
  0.70967742E+00  0.64516129E-01  0.63307716E+00  0.31826511E-01
  0.70967742E+00  0.96774194E-01  0.77416237E+00  0.14071473E-01
  0.70967742E+00  0.12903226E+00  0.11359056E+00  0.99047534E+00
  0.70967742E+00  0.16129032E+00  0.48593662E+00  0.50452991E+00
  0.70967742E+00  0.19354839E+00  0.88034894E+00  0.39788562E+00
  0.70967742E+00  0.22580645E+00  0.51672118E+00  0.60527343E+00
  0.70967742E+00  0.25806452E+00  0.92186421E+00  0.94942670E+00
  0.70967742E+00  0.29032258E+00  0.56779693E-02  0.93600305E+00
  0.70967742E+00  0.32258065E+00  0.13732333E+00  0.54850625E+00
  0.70967742E+00  0.35483871E+00  0.22139398E+00  0.43208099E-01
  0.70967742E+00  0.38709677E+00  0.77408829E+00  0.74407028E+00
  0.70967742E+00  0.41935484E+00  0.99938123E+00  0.83766626E+00
  0.70967742E+00  0.45161290E+00  0.86519616E+00  0.16810313E+00
  0.70967742E+00  0.48387097E+00  0.17957679E+00  0.31943533E-01
  0.70967742E+00  0.51612903E+00  0.66685902E+00  0.97312748E+00
  0.70967742E+00  0.54838710E+00  0.43842806E-01  0.57789425E+00
  0.70967742E+00  0.58064516E+00  0.95964039E-01  0.26970430E+00
  0.70967742E+00  0.61290323E+00  0.75346643E+00  0.10416108E+00
  0.70967742E+00  0.64516129E+00  0.16757340E+00  0.56393295E+00
  0.70967742E+00  0.67741935E+00  0.78665990E+00  0.35367502E+00
  0.70967742E+00  0.70967742E+00  0.43242435E+00  0.19495106E+00
  0.70967742E+00  0.74193548E+00  0.37606048E+00  0.62115537E+00
  0.70967742E+00  0.77419355E+00  0.41442920E+00  0.77243464E+00
  0.70967742E+00  0.80645161E+00  0.94623049E+00  0.19060981E+00
  0.70967742E+00  0.83870968E+00  0.48175278E-01  0.61409800E+00
  0.70967742E+00  0.87096774E+00  0.55115730E+00  0.77283432E+00
  0.70967742E+00  0.90322581E+00  0.11642498E+00  0.18319379E+00
  0.70967742E+00  0.93548387E+00  0.31175333E+00  0.94291320E+00
  0.70967742E+00  0.96774194E+00  0.68761576E+00  0.52601298E+00
  0.70967742E+00  0.10000000E+01  0.85335604E+00  0.57771910E+00
  0.74193548E+00  0.00000000E+00  0.99807809E+00  0.31291274E+00
  0.74193548E+00  0.32258065E-01  0.19652184E+00  0.91265755E+00
  0.74193548E+00  0.64516129E-01  0.13252510E+00  0.69969024E+00
  0.74193548E+00  0.96774194E-01  0.13618821E+00  0.19534402E+00
  0.74193548E+00  0.12903226E+00  0.16819813E+00  0.48320990E+00
  0.74193548E+00  0.16129032E+00  0.95850034E+00  0.66558513E-01
  0.74193548E+00  0.19354839E+00  0.14497066E+00  0.72576202E+00
  0.74193548E+00  0.22580645E+00  0.41208719E+00  0.37571596E+00
  0.74193548E+00  0.25806452E+00  0.62960213E+00  0.92326116E+00
  0.74193548E+00  0.29032258E+00  0.99121371E+00  0.12460557E+00
  0.74193548E+00  0.32258065E+00  0.15323799E+00  0.44274616E+00
  0.74193548E+00  0.35483871E+00  0.37328082E+00  0.90489079E+00
  0.74193548E+00  0.38709677E+00  0.64890966E+00  0.95988011E+00
  0.74193548E+00  0.41935484E+00  0.85632546E+00  0.33560937E+00
  0.74193548E+00  0.45161290E+00  0.88903455E+00  0.89645037E+00
  0.74193548E+00  0.48387097E+00  0.79652051E+00  0.50067330E+00
  0.74193548E+00  0.51612903E+00  0.92291605E+00  0.85786859E+00
  0.74193548E+00  0.54838710E+00  0.45674878E-01  0.38636885E+00
  0.74193548E+00  0.58064516E+00  0.51424356E+00  0.70670665E-01
  0.74193548E+00  0.61290323E+00  0.38873343E+00  0.31885655E+00
  0.74193548E+00  0.64516129E+00  0.57859244E+00  0.82001676E+00
  0.74193548E+00  0.67741935E+00  0.98127704E+00  0.40167121E+00
  0.74193548E+00  0.70967742E+00  0.62092405E+00  0.88719131E+00
  0.74193548E+00  0.74193548E+00  0.78702255E+00  0.95322189E+00
  0.74193548E+00  0.77419355E+00  0.17308574E+00  0.98710303E+00
  0.74193548E+00  0.80645161E+00  0.15322802E-01  0.94429195E+00
  0.74193548E+00  0.83870968E+00  0.23131082E+00  0.20578488E+00
  0.74193548E+00  0.87096774E+00  0.55866661E+00  0.43553897E+00
  0.74193548E+00  0.90322581E+00  0.69371862E+00  0.43789411E+00
  0.74193548E+00  0.93548387E+00  0.43017879E+00  0.14994840E-01
  0.74193548E+00  0.96774194E+00  0.79781444E+00  0.82421222E+00
  0.74193548E+00  0.10000000E+01  0.20112013E+00  0.23556569E+00
  0.77419355E+00  0.00000000E+00  0.96802902E+00  0.97642557E-01
  0.77419355E+00  0.32258065E-01  0.15124810E-01  0.73053329E+00
  0.77419355E+00  0.64516129E-01  0.98819488E+00  0.30582410E+00
  0.77419355E+00  0.96774194E-01  0.71404184E+00  0.50919976E+00
  0.77419355E+00  0.12903226E+00  0.90536495E+00  0.60074877E+00
  0.77419355E+00  0.16129032E+00  0.36193206E+00  0.33488529E+00
  0.77419355E+00  0.19354839E+00  0.17175143E+00  0.88027098E+00
  0.77419355E+00  0.22580645E+00  0.91224364E+00  0.73973691E+00
  0.77419355E+00  0.25806452E+00  0.85141344E+00  0.67020539E+00
  0.77419355E+00  0.29032258E+00  0.14902166E+00  0.60261187E+00
  0.77419355E+00  0.32258065E+00  0.57757035E-01  0.56182683E+00
  0.77419355E+00  0.35483871E+00  0.12440813E+00  0.58657761E+00
  0.77419355E+00  0.38709677E+00  0.39103518E+00  0.64937034E+00
  0.77419355E+00  0.41935484E+00  0.59614198E+00  0.57641178E+00
  0.77419355E+00  0.45161290E+00  0.37584777E+00  0.96753119E+00
  0.77419355E+00  0.48387097E+00  0.46505908E+00  0.11610224E+00
  0.77419355E+00  0.51612903E+00  0.89864163E+00  0.92896483E+00
  0.77419355E+00  0.54838710E+00  0.21259219E+00  0.84634704E+00
  0.77419355E+00  0.58064516E+00  0.64521049E+00  0.76178692E+00
  0.77419355E+00  0.61290323E+00  0.33827103E+00  0.94205445E+00
  0.77419355E+00  0.64516129E+00  0.53819503E+00  0.94707334E+00
  0.77419355E+00  0.67741935E+00  0.79722223E+00  0.54984295E+00
  0.77419355E+00  0.70967742E+00  0.17458283E+00  0.65636015E+00
  0.77419355E+00  0.74193548E+00  0.43766933E+00  0.22554120E+00
  0.77419355E+00  0.77419355E+00  0.26320841E+00  0.18914363E+00
  0.77419355E+00  0.80645161E+00  0.43843281E+00  0.37168809E+00
  0.77419355E+00  0.83870968E+00  0.62253208E-01  0.41038026E+00
  0.77419355E+00  0.87096774E+00  0.74643008E+00  0.67503271E+00
  0.77419355E+00  0.90322581E+00  0.81674558E+00  0.18798674E+00
  0.77419355E+00  0.93548387E+00  0.51417545E+00  0.54403434E+00
  0.77419355E+00  0.96774194E+00  0.19606082E+00  0.83033996E+00
  0.77419355E+00  0.10000000E+01  0.53728017E+00  0.54636248E+00
  0.80645161E+00  0.00000000E+00  0.33341353E+00  0.59387655E+00
  0.80645161E+00  0.32258065E-01  0.27621209E-01  0.71367814E+00
  0.80645161E+00  0.64516129E-01  0.32285379E+00  0.53318518E+00
  0.80645161E+00  0.96774194E-01  0.88021491E+00  0.92042216E+00
  0.80645161E+00  0.12903226E+00  0.56646810E+00  0.92566645E+00
  0.80645161E+00  0.16129032E+00  0.71770861E+00  0.76387017E+00
  0.80645161E+00  0.19354839E+00  0.40303532E+00  0.79708207E+00
  0.80645161E+00  0.22580645E+00  0.68822258E+00  0.51686943E+00
  0.80645161E+00  0.25806452E+00  0.89939214E+00  0.52673989E+00
  0.80645161E+00  0.29032258E+00  0.88668495E+00  0.52456336E+00
  0.80645161E+00  0.32258065E+00  0.28793312E+00  0.28499390E+00
  0.80645161E+00  0.35483871E+00  0.79233172E+00  0.64189155E+00
  0.80645161E+00  0.38709677E+00  0.40411069E+00  0.47074424E+00
  0.80645161E+00  0.41935484E+00  0.70620672E+00  0.67108968E+00
  0.80645161E+00  0.45161290E+00  0.12393513E+00  0.14893719E+00
  0.80645161E+00  0.48387097E+00  0.18866169E+00  0.79918961E+00
  0.80645161E+00  0.51612903E+00  0.80147458E+00  0.48806517E+00
  0.80645161E+00  0.54838710E+00  0.49685619E+00  0.35519344E-01
  0.80645161E+00  0.58064516E+00  0.70635505E+00  0.19766675E+00
  0.80645161E+00  0.61290323E+00  0.22257669E-01  0.64920300E+00
  0.80645161E+00  0.64516129E+00  0.46126042E+00  0.96582662E+00
  0.80645161E+00  0.67741935E+00  0.72814141E+00  0.60666087E+00
  0.80645161E+00  0.70967742E+00  0.47943240E+00  0.89667565E+00
  0.80645161E+00  0.74193548E+00  0.58709059E+00  0.91093649E-02
  0.80645161E+00  0.77419355E+00  0.40217059E+00  0.94789082E+00
  0.80645161E+00  0.80645161E+00  0.18496220E-01  0.53006105E+00
  0.80645161E+00  0.83870968E+00  0.53633244E+00  0.36819526E+00
  0.80645161E+00  0.87096774E+00  0.32605718E+00  0.85282464E+00
  0.80645161E+00  0.90322581E+00  0.29183326E+00  0.13485826E+00
  0.80645161E+00  0.93548387E+00  0.13528022E+00  0.10800496E+00
  0.80645161E+00  0.96774194E+00  0.61914623E+00  0.39119523E+00
  0.80645161E+00  0.10000000E+01  0.83097995E+00  0.31100303E+00
  0.83870968E+00  0.00000000E+00  0.45846658E+00  0.43738069E+00
  0.83870968E+00  0.32258065E-01  0.80508871E+00  0.64889953E+00
  0.83870968E+00  0.64516129E-01  0.56037961E+00  0.53934744E+00
  0.83870968E+00  0.96774194E-01  0.51931786E+00  0.98377847E+00
  0.83870968E+00  0.12903226E+00  0.50425826E+00  0.68055184E+00
  0.83870968E+00  0.16129032E+00  0.69110361E+00  0.19625375E+00
  0.83870968E+00  0.19354839E+00  0.93547669E+00  0.10619302E-01
  0.83870968E+00  0.22580645E+00  0.98892031E-01  0.56145433E+00
  0.83870968E+00  0.25806452E+00  0.37492787E+00  0.28955731E+00
  0.83870968E+00  0.29032258E+00  0.61539798E+00  0.68364122E+00
  0.83870968E+00  0.32258065E+00  0.65652356E+00  0.32525543E+00
  0.83870968E+00  0.35483871E+00  0.64510511E+00  0.93370754E+00
  0.83870968E+00  0.38709677E+00  0.36469431E+00  0.41098531E+00
  0.83870968E+00  0.41935484E+00  0.56176589E+00  0.88667847E+00
  0.83870968E+00  0.45161290E+00  0.27188950E+00  0.76290067E+00
  0.83870968E+00  0.48387097E+00  0.14590158E+00  0.75921128E+00
  0.83870968E+00  0.51612903E+00  0.77607727E+00  0.95753732E+00
  0.83870968E+00  0.54838710E+00  0.22302236E-01  0.84709531E+00
  0.83870968E+00  0.58064516E+00  0.33824458E+00  0.36931315E+00
  0.83870968E+00  0.61290323E+00  0.97526711E-01  0.96275199E+00
  0.83870968E+00  0.64516129E+00  0.91989720E+00  0.60802812E+00
  0.83870968E+00  0.67741935E+00  0.99740266E+00  0.87273482E+00
  0.83870968E+00  0.70967742E+00  0.42055966E+00  0.95636427E+00
  0.83870968E+00  0.74193548E+00  0.50452655E+00  0.73522940E+00
  0.83870968E+00  0.77419355E+00  0.11527534E+00  0.80738574E+00
  0.83870968E+00  0.80645161E+00  0.99576361E+00  0.53755338E+00
  0.83870968E+00  0.83870968E+00  0.92106371E-01  0.10203874E+00
  0.83870968E+00  0.87096774E+00  0.87974791E+00  0.53365652E+00
  0.83870968E+00  0.90322581E+00  0.68963371E+00  0.76665154E+00
  0.83870968E+00  0.93548387E+00  0.34382300E-01  0.68162063E+00
  0.83870968E+00  0.96774194E+00  0.93445712E+00  0.15043451E+00
  0.83870968E+00  0.10000000E+01  0.24433842E+00  0.81159639E-01
  0.87096774E+00  0.00000000E+00  0.88185727E+00  0.16720542E+00
  0.87096774E+00  0.32258065E-01  0.70694531E+00  0.60542546E+00
  0.87096774E+00  0.64516129E-01  0.35892978E+00  0.54435278E+00
  0.87096774E+00  0.96774194E-01  0.63563511E+00  0.32363446E+00
  0.87096774E+00  0.12903226E+00  0.12343133E+00  0.21797806E+00
  0.87096774E+00  0.16129032E+00  0.58590596E+00  0.54457353E+00
  0.87096774E+00  0.19354839E+00  0.35253588E+00  0.77051506E+00
  0.87096774E+00  0.22580645E+00  0.70735919E+00  0.62022298E+00
  0.87096774E+00  0.25806452E+00  0.27764711E+00  0.18286561E+00
  0.87096774E+00  0.29032258E+00  0.42257585E+00  0.19781147E-01
  0.87096774E+00  0.32258065E+00  0.62189847E+00  0.27189954E+00
  0.87096774E+00  0.35483871E+00  0.86461676E+00  0.76716437E+00
  0.87096774E+00  0.38709677E+00  0.37653116E-01  0.12795472E+00
  0.87096774E+00  0.41935484E+00  0.31452243E+00  0.87850703E+00
  0.87096774E+00  0.45161290E+00  0.54400395E+00  0.55233701E+00
  0.87096774E+00  0.48387097E+00  0.63881315E+00  0.79966149E+00
  0.87096774E+00  0.51612903E+00  0.96427362E+00  0.49482031E+00
  0.87096774E+00  0.54838710E+00  0.72698892E+00  0.84369818E+00
  0.87096774E+00  0.58064516E+00  0.36351448E+00  0.49114654E+00
  0.87096774E+00  0.61290323E+00  0.92902948E+00  0.62840549E+00
  0.87096774E+00  0.64516129E+00  0.48600867E+00  0.10052561E+00
  0.87096774E+00  0.67741935E+00  0.49289431E+00  0.51378987E+00
  0.87096774E+00  0.70967742E+00  0.19276802E+00  0.34313548E+00
  0.87096774E+00  0.74193548E+00  0.20226317E-02  0.39575779E-01
  0.87096774E+00  0.77419355E+00  0.89903411E+00  0.13762211E+00
  0.87096774E+00  0.80645161E+00  0.81283339E+00  0.36270568E+00
  0.87096774E+00  0.83870968E+00  0.11778275E-01  0.73859947E+00
  0.87096774E+00  0.87096774E+00  0.49222528E+00  0.69484007E+00
  0.87096774E+00  0.90322581E+00  0.36720156E+00  0.17414957E+00
  0.87096774E+00  0.93548387E+00  0.25507673E+00  0.73985745E+00
  0.87096774E+00  0.96774194E+00  0.66823477E+00  0.68332242E+00
  0.87096774E+00  0.10000000E+01  0.40174589E+00  0.13135435E+00
  0.90322581E+00  0.00000000E+00  0.75739715E+00  0.35842612E+00
  0.90322581E+00  0.32258065E-01  0.17888781E+00  0.32313047E+00
  0.90322581E+00  0.64516129E-01  0.70794362E+00  0.90746714E+00
  0.90322581E+00  0.96774194E-01  0.25352453E+00  0.89478499E+00
  0.90322581E+00  0.12903226E+00  0.65125868E+00  0.23451902E-01
  0.90322581E+00  0.16129032E+00  0.11461426E+00  0.15677661E+00
  0.90322581E+00  0.19354839E+00  0.68607135E+00  0.45293060E+00
  0.90322581E+00  0.22580645E+00  0.68829385E+00  0.53486998E+00
  0.90322581E+00  0.25806452E+00  0.17530129E+00  0.66025737E+00
  0.90322581E+00  0.29032258E+00  0.38364079E+00  0.89138374E+00
  0.90322581E+00  0.32258065E+00  0.18355885E+00  0.26509031E+00
  0.90322581E+00  0.35483871E+00  0.53017329E+00  0.96269044E+00
  0.90322581E+00  0.38709677E+00  0.91464506E+00  0.47989148E+00
  0.90322581E+00  0.41935484E+00  0.81535018E+00  0.79671663E+00
  0.90322581E+00  0.45161290E+00  0.14905160E+00  0.54742688E+00
  0.90322581E+00  0.48387097E+00  0.72207102E+00  0.19044279E+00
  0.90322581E+00  0.51612903E+00  0.68146084E+00  0.17826647E+00
  0.90322581E+00  0.54838710E+00  0.96617600E+00  0.12740336E+00
  0.90322581E+00  0.58064516E+00  0.75824583E+00  0.98828418E+00
  0.90322581E+00  0.61290323E+00  0.93394600E+00  0.21518674E+00
  0.90322581E+00  0.64516129E+00  0.51497029E+00  0.93615787E+00
  0.90322581E+00  0.67741935E+00  0.11960257E+00  0.12293527E+00
  0.90322581E+00  0.70967742E+00  0.41388860E+00  0.76086938E+00
  0.90322581E+00  0.74193548E+00  0.56280794E+00  0.18845265E-01
  0.90322581E+00  0.77419355E+00  0.68144583E+00  0.41920449E+00
  0.90322581E+00  0.80645161E+00  0.28616502E+00  0.76669807E-02
  0.90322581E+00  0.83870968E+00  0.74577771E+00  0.52325293E+00
  0.90322581E+00  0.87096774E+00  0.73271737E+00  0.56820463E+00
  0.90322581E+00  0.90322581E+00  0.67421066E+00  0.77790840E+00
  0.90322581E+00  0.93548387E+00  0.20344925E+00  0.99081640E+00
  0.90322581E+00  0.96774194E+00  0.61076176E+00  0.41836855E+00
  0.90322581E+00  0.10000000E+01  0.29478558E+00  0.81491439E+00
  0.93548387E+00  0.00000000E+00  0.54902844E+00  0.40582100E+00
  0.93548387E+00  0.32258065E-01  0.79355757E+00  0.85754755E+00
  0.93548387E+00  0.64516129E-01  0.10202208E+00  0.94352374E+00
  0.93548387E+00  0.96774194E-01  0.57454792E+00  0.34262633E+00
  0.93548387E+00  0.12903226E+00  0.19050490E+00  0.54412718E-01
  0.93548387E+00  0.16129032E+00  0.32217853E+00  0.63154278E+00
  0.93548387E+00  0.19354839E+00  0.24844196E+00  0.41220078E+00
  0.93548387E+00  0.22580645E+00  0.66842778E+00  0.75251719E+00
  0.93548387E+00  0.25806452E+00  0.21519994E+00  0.25899064E+00
  0.93548387E+00  0.29032258E+00  0.96942564E+00  0.20909721E-01
  0.93548387E+00  0.32258065E+00  0.97304716E+00  0.84277492E+00
  0.93548387E+00  0.35483871E+00  0.74295374E+00  0.47672045E+00
  0.93548387E+00  0.38709677E+00  0.78465350E+00  0.85493614E+00
  0.93548387E+00  0.41935484E+00  0.10594527E+00  0.32208932E+00
  0.93548387E+00  0.45161290E+00  0.73059049E+00  0.86774670E+00
  0.93548387E+00  0.48387097E+00  0.21198506E+00  0.35879620E+00
  0.93548387E+00  0.51612903E+00  0.14683125E+00  0.77186889E+00
  0.93548387E+00  0.54838710E+00  0.68880954E+00  0.42576083E+00
  0.93548387E+00  0.58064516E+00  0.62250529E-01  0.21385492E+00
  0.93548387E+00  0.61290323E+00  0.75806768E-01  0.83654283E+00
  0.93548387E+00  0.64516129E+00  0.63612467E+00  0.33646855E-01
  0.93548387E+00  0.67741935E+00  0.26151639E+00  0.81684175E+00
  0.93548387E+00  0.70967742E+00  0.59563165E+00  0.70207668E+00
  0.93548387E+00  0.74193548E+00  0.92112967E+00  0.94199701E+00
  0.93548387E+00  0.77419355E+00  0.67335103E+00  0.75836625E+00
  0.93548387E+00  0.80645161E+00  0.95398951E+00  0.57448791E+00
  0.93548387E+00  0.83870968E+00  0.44763997E-01  0.24762734E+00
  0.93548387E+00  0.87096774E+00  0.92109037E+00  0.30143367E+00
  0.93548387E+00  0.90322581E+00  0.76575335E+00  0.15836160E+00
  0.93548387E+00  0.93548387E+00  0.48257838E+00  0.37209338E+00
  0.93548387E+00  0.96774194E+00  0.21010350E+00  0.85996058E+00
  0.93548387E+00  0.10000000E+01  0.83525123E+00  0.13536603E+00
  0.96774194E+00  0.00000000E+00  0.88651640E+00  0.31390715E+00
  0.96774194E+00  0.32258065E-01  0.62987159E+00  0.26195206E+00
  0.96774194E+00  0.64516129E-01  0.51463743E+00  0.12150572E+00
  0.96774194E+00  0.96774194E-01  0.67879892E+00  0.40518804E+00
  0.96774194E+00  0.12903226E+00  0.34411368E+00  0.95164329E-01
  0.96774194E+00  0.16129032E+00  0.39228388E+00  0.93806710E+00
  0.96774194E+00  0.19354839E+00  0.94112810E+00  0.73991801E+00
  0.96774194E+00  0.22580645E+00  0.92075319E+00  0.66104969E+00
  0.96774194E+00  0.25806452E+00  0.64972619E+00  0.51102762E+00
  0.96774194E+00  0.29032258E+00  0.41124614E+00  0.43572062E-01
  0.96774194E+00  0.32258065E+00  0.29316012E-01  0.25147985E+00
  0.96774194E+00  0.35483871E+00  0.44491455E+00  0.66154634E+00
  0.96774194E+00  0.38709677E+00  0.29216817E+00  0.62948722E+00
  0.96774194E+00  0.41935484E+00  0.47452280E+00  0.63486044E+00
  0.96774194E+00  0.45161290E+00  0.74091580E+00  0.57598806E+00
  0.96774194E+00  0.48387097E+00  0.26194781E+00  0.64878137E-01
  0.96774194E+00  0.51612903E+00  0.20605463E+00  0.72214657E+00
  0.96774194E+00  0.54838710E+00  0.31567907E+00  0.47193902E+00
  0.96774194E+00  0.58064516E+00  0.48344288E+00  0.83685275E+00
  0.96774194E+00  0.61290323E+00  0.32831858E+00  0.23285852E+00
  0.96774194E+00  0.64516129E+00  0.77180136E+00  0.26422244E+00
  0.96774194E+00  0.67741935E+00  0.61408094E+00  0.18427875E-01
  0.96774194E+00  0.70967742E+00  0.11021343E+00  0.36109730E+00
  0.96774194E+00  0.74193548E+00  0.54629325E+00  0.23091418E+00
  0.96774194E+00  0.77419355E+00  0.81562496E+00  0.93454484E+00
  0.96774194E+00  0.80645161E+00  0.99489518E+00  0.44156035E+00
  0.96774194E+00  0.83870968E+00  0.92034442E+00  0.67935838E+00
  0.96774194E+00  0.87096774E+00  0.76393896E+00  0.82808512E+00
  0.96774194E+00  0.90322581E+00  0.60954278E+00  0.61555709E+00
  0.96774194E+00  0.93548387E+00  0.29089355E-01  0.61218307E+00
  0.96774194E+00  0.96774194E+00  0.65875359E+00  0.52588594E+00
  0.96774194E+00  0.10000000E+01  0.77512368E+00  0.49702460E+00
  0.10000000E+01  0.00000000E+00  0.81911259E+00  0.76849582E+00
  0.10000000E+01  0.32258065E-01  0.49397195E+00  0.30146661E+00
  0.10000000E+01  0.64516129E-01  0.37781171E+00  0.79760436E+00
  0.10000000E+01  0.96774194E-01  0.11725339E+00  0.10404843E+00
  0.10000000E+01  0.12903226E+00  0.33667308E+00  0.90705144E+00
  0.10000000E+01  0.16129032E+00  0.27687335E+00  0.89401103E-01
  0.10000000E+01  0.19354839E+00  0.43375513E+00  0.87842121E-01
  0.10000000E+01  0.22580645E+00  0.19698953E+00  0.25049806E+00
  0.10000000E+01  0.25806452E+00  0.48868978E+00  0.19429321E+00
  0.10000000E+01  0.29032258E+00  0.40208307E+00  0.16237450E+00
  0.10000000E+01  0.32258065E+00  0.84018243E+00  0.38153330E+00
  0.10000000E+01  0.35483871E+00  0.15445862E+00  0.41962738E+00
  0.10000000E+01  0.38709677E+00  0.78351198E+00  0.54300274E+00
  0.10000000E+01  0.41935484E+00  0.89174432E+00  0.73915456E-01
  0.10000000E+01  0.45161290E+00  0.80308058E-02  0.74795363E+00
  0.10000000E+01  0.48387097E+00  0.66439180E+00  0.71459216E-01
  0.10000000E+01  0.51612903E+00  0.34664771E-01  0.67894988E+00
  0.10000000E+01  0.54838710E+00  0.57317616E+00  0.69054093E+00
  0.10000000E+01  0.58064516E+00  0.65341323E+00  0.69367139E-01
  0.10000000E+01  0.61290323E+00  0.20669598E+00  0.97900464E+00
  0.10000000E+01  0.64516129E+00  0.36084901E+00  0.14089282E+00
  0.10000000E+01  0.67741935E+00  0.78873367E-01  0.19175615E+00
  0.10000000E+01  0.70967742E+00  0.79761845E+00  0.41026113E-01
  0.10000000E+01  0.74193548E+00  0.66453870E-01  0.22826303E+00
  0.10000000E+01  0.77419355E+00  0.18594134E+00  0.28057798E+00
  0.10000000E+01  0.80645161E+00  0.84650655E+00  0.70054627E-01
  0.10000000E+01  0.83870968E+00  0.76711100E+00  0.17117114E+00
  0.10000000E+01  0.87096774E+00  0.33392394E+00  0.21822204E+00
  0.10000000E+01  0.90322581E+00  0.23899419E+00  0.26274009E+00
  0.10000000E+01  0.93548387E+00  0.11892207E+00  0.13091815E+00
  0.10000000E+01  0.96774194E+00  0.19353120E+00  0.78103108E+00
  0.10000000E+01  0.10000000E+01  0.90454045E+00  0.66085759E+00
