  32  32
  0.99981327E+00  0.99987135E+00
  0.00000000E+00  0.00000000E+00  0.93121289E+00  0.12880611E+00
  0.00000000E+00  0.32258065E-01  0.82913257E+00  0.35609948E+00
  0.00000000E+00  0.64516129E-01  0.61246921E+00  0.85524098E+00
  0.00000000E+00  0.96774194E-01  0.51088419E+00  0.43808188E+00
  0.00000000E+00  0.12903226E+00  0.81754029E+00  0.57851609E+00
  0.00000000E+00  0.16129032E+00  0.78558597E+00  0.15271450E+00
  0.00000000E+00  0.19354839E+00  0.52463985E+00  0.17935937E+00
  0.00000000E+00  0.22580645E+00  0.89727499E+00  0.55987871E+00
  0.00000000E+00  0.25806452E+00  0.41550333E+00  0.81868064E+00
  0.00000000E+00  0.29032258E+00  0.13726004E+00  0.84338777E+00
  0.00000000E+00  0.32258065E+00  0.56288790E+00  0.62507159E+00
  0.00000000E+00  0.35483871E+00  0.53162167E+00  0.99848683E+00
  0.00000000E+00  0.38709677E+00  0.11807246E+00  0.38230583E+00
  0.00000000E+00  0.41935484E+00  0.52871213E+00  0.51935292E+00
  0.00000000E+00  0.45161290E+00  0.99835764E+00  0.21683881E+00
  0.00000000E+00  0.48387097E+00  0.68665542E+00  0.86594941E-01
  0.00000000E+00  0.51612903E+00  0.57456578E+00  0.28530789E+00
  0.00000000E+00  0.54838710E+00  0.36084725E+00  0.25475370E+00
  0.00000000E+00  0.58064516E+00  0.35854098E+00  0.46203231E+00
  0.00000000E+00  0.61290323E+00  0.39145508E+00  0.13980188E+00
  0.00000000E+00  0.64516129E+00  0.69064904E+00  0.26513199E-01
  0.00000000E+00  0.67741935E+00  0.79091808E+00  0.10664405E+00
  0.00000000E+00  0.70967742E+00  0.42727751E+00  0.35093357E+00
  0.00000000E+00  0.74193548E+00  0.43144715E+00  0.45661665E+00
  0.00000000E+00  0.77419355E+00  0.62833566E+00  0.58765831E+00
  0.00000000E+00  0.80645161E+00  0.73252493E+00  0.11498803E+00
  0.00000000E+00  0.83870968E+00  0.24475448E+00  0.35673420E+00
  0.00000000E+00  0.87096774E+00  0.34840578E+00  0.31845841E+00
  0.00000000E+00  0.90322581E+00  0.80598670E+00  0.43338990E+00
  0.00000000E+00  0.93548387E+00  0.85561580E+00  0.30265990E+00
  0.00000000E+00  0.96774194E+00  0.10750677E+00  0.43553598E+00
  0.00000000E+00  0.10000000E+01  0.44045279E+00  0.98965648E+00
  0.32258065E-01  0.00000000E+00  0.92167033E+00  0.25534648E+00
  0.32258065E-01  0.32258065E-01  0.25111343E+00  0.95198886E+00
  0.32258065E-01  0.64516129E-01  0.92300217E-01  0.39712657E+00
  0.32258065E-01  0.96774194E-01  0.37103983E+00  0.68086334E+00
  0.32258065E-01  0.12903226E+00  0.66422822E+00  0.28673111E-01
  0.32258065E-01  0.16129032E+00  0.90883250E+00  0.35413448E+00
  0.32258065E-01  0.19354839E+00  0.11087536E+00  0.81166504E+00
  0.32258065E-01  0.22580645E+00  0.54419415E-01  0.34925577E+00
  0.32258065E-01  0.25806452E+00  0.10551580E-01  0.26120540E+00
  0.32258065E-01  0.29032258E+00  0.44636746E+00  0.74085478E+00
  0.32258065E-01  0.32258065E+00  0.73395573E+00  0.43332128E+00
  0.32258065E-01  0.35483871E+00  0.85938246E+00  0.98823313E+00
  0.32258065E-01  0.38709677E+00  0.13167557E+00  0.61246385E+00
  0.32258065E-01  0.41935484E+00  0.89180914E+00  0.62286655E+00
  0.32258065E-01  0.45161290E+00  0.22168781E+00  0.99900836E+00
  0.32258065E-01  0.48387097E+00  0.65313114E+00  0.93590479E+00
  0.32258065E-01  0.51612903E+00  0.87685803E+00  0.39675412E+00
  0.32258065E-01  0.54838710E+00  0.45147103E+00  0.66567173E+00
  0.32258065E-01  0.58064516E+00  0.51244076E+00  0.90042453E+00
  0.32258065E-01  0.61290323E+00  0.48109027E+00  0.68516529E+00
  0.32258065E-01  0.64516129E+00  0.77357943E+00  0.58316704E+00
  0.32258065E-01  0.67741935E+00  0.50988927E+00  0.68955745E+00
  0.32258065E-01  0.70967742E+00  0.22280639E+00  0.18405319E+00
  0.32258065E-01  0.74193548E+00  0.56690733E+00  0.88369430E+00
  0.32258065E-01  0.77419355E+00  0.27542913E-01  0.79557858E+00
  0.32258065E-01  0.80645161E+00  0.62982267E+00  0.66959596E+00
  0.32258065E-01  0.83870968E+00  0.64759917E+00  0.55116289E+00
  0.32258065E-01  0.87096774E+00  0.31245244E+00  0.33395667E+00
  0.32258065E-01  0.90322581E+00  0.52267428E+00  0.31264987E+00
  0.32258065E-01  0.93548387E+00  0.55225269E+00  0.73564469E+00
  0.32258065E-01  0.96774194E+00  0.75985623E+00  0.35780734E+00
  0.32258065E-01  0.10000000E+01  0.29781839E+00  0.99320240E+00
  0.64516129E-01  0.00000000E+00  0.53722367E+00  0.94056177E+00
  0.64516129E-01  0.32258065E-01  0.57130928E+00  0.11674223E+00
  0.64516129E-01  0.64516129E-01  0.63537607E+00  0.67951480E+00
  0.64516129E-01  0.96774194E-01  0.19631157E+00  0.40255852E-01
  0.64516129E-01  0.12903226E+00  0.95381618E+00  0.61943028E+00
  0.64516129E-01  0.16129032E+00  0.36188756E+00  0.21182586E+00
  0.64516129E-01  0.19354839E+00  0.15030502E+00  0.35178766E+00
  0.64516129E-01  0.22580645E+00  0.84611384E+00  0.67845237E+00
  0.64516129E-01  0.25806452E+00  0.29510971E+00  0.30098268E+00
  0.64516129E-01  0.29032258E+00  0.18332308E+00  0.16380172E+00
  0.64516129E-01  0.32258065E+00  0.55850350E+00  0.41182733E+00
  0.64516129E-01  0.35483871E+00  0.35160405E+00  0.75570652E+00
  0.64516129E-01  0.38709677E+00  0.89826569E+00  0.83704983E+00
  0.64516129E-01  0.41935484E+00  0.46030164E+00  0.59366567E+00
  0.64516129E-01  0.45161290E+00  0.74718175E+00  0.62479471E+00
  0.64516129E-01  0.48387097E+00  0.43751685E+00  0.55634428E+00
  0.64516129E-01  0.51612903E+00  0.70054320E+00  0.40612272E+00
  0.64516129E-01  0.54838710E+00  0.71760676E+00  0.94907375E+00
  0.64516129E-01  0.58064516E+00  0.20364768E+00  0.82510883E-01
  0.64516129E-01  0.61290323E+00  0.92868457E+00  0.19135174E+00
  0.64516129E-01  0.64516129E+00  0.23929895E+00  0.51335249E+00
  0.64516129E-01  0.67741935E+00  0.58011958E+00  0.50434217E+00
  0.64516129E-01  0.70967742E+00  0.15306859E-01  0.20345708E+00
  0.64516129E-01  0.74193548E+00  0.75003719E+00  0.59837519E+00
  0.64516129E-01  0.77419355E+00  0.65198736E+00  0.99055046E+00
  0.64516129E-01  0.80645161E+00  0.77281890E+00  0.36044726E+00
  0.64516129E-01  0.83870968E+00  0.86966250E+00  0.73277470E+00
  0.64516129E-01  0.87096774E+00  0.92660233E+00  0.54172105E+00
  0.64516129E-01  0.90322581E+00  0.67616045E+00  0.99618810E+00
  0.64516129E-01  0.93548387E+00  0.12078119E+00  0.44502552E+00
  0.64516129E-01  0.96774194E+00  0.54315478E-01  0.74226526E+00
  0.64516129E-01  0.10000000E+01  0.58350529E+00  0.61235590E+00
  0.96774194E-01  0.00000000E+00  0.76331640E-01  0.98061623E+00
  0.96774194E-01  0.32258065E-01  0.13409695E+00  0.95486611E+00
  0.96774194E-01  0.64516129E-01  0.57794857E+00  0.11447495E+00
  0.96774194E-01  0.96774194E-01  0.13071715E+00  0.16461645E+00
  0.96774194E-01  0.12903226E+00  0.11412915E-01  0.78116170E+00
  0.96774194E-01  0.16129032E+00  0.26921004E+00  0.78841357E+00
  0.96774194E-01  0.19354839E+00  0.11743104E+00  0.33684109E+00
  0.96774194E-01  0.22580645E+00  0.26753114E+00  0.80813822E-01
  0.96774194E-01  0.25806452E+00  0.26308262E+00  0.35633621E+00
  0.96774194E-01  0.29032258E+00  0.81375924E+00  0.35878199E+00
  0.96774194E-01  0.32258065E+00  0.12932059E+00  0.32062855E+00
  0.96774194E-01  0.35483871E+00  0.25359645E+00  0.68919131E+00
  0.96774194E-01  0.38709677E+00  0.39847120E+00  0.30435809E+00
  0.96774194E-01  0.41935484E+00  0.27786815E+00  0.57632347E+00
  0.96774194E-01  0.45161290E+00  0.44173398E+00  0.66332322E+00
  0.96774194E-01  0.48387097E+00  0.61002303E+00  0.64936861E+00
  0.96774194E-01  0.51612903E+00  0.66817532E-02  0.72198081E+00
  0.96774194E-01  0.54838710E+00  0.69363305E+00  0.34992529E+00
  0.96774194E-01  0.58064516E+00  0.90476064E+00  0.46094616E+00
  0.96774194E-01  0.61290323E+00  0.37989347E+00  0.61950055E+00
  0.96774194E-01  0.64516129E+00  0.69879005E+00  0.20449301E+00
  0.96774194E-01  0.67741935E+00  0.61512285E+00  0.58700986E+00
  0.96774194E-01  0.70967742E+00  0.39046267E+00  0.30805357E+00
  0.96774194E-01  0.74193548E+00  0.12826302E+00  0.25627715E+00
  0.96774194E-01  0.77419355E+00  0.10784449E+00  0.84571848E+00
  0.96774194E-01  0.80645161E+00  0.11837913E+00  0.19353477E+00
  0.96774194E-01  0.83870968E+00  0.79287480E+00  0.29773684E+00
  0.96774194E-01  0.87096774E+00  0.94215959E+00  0.21492355E+00
  0.96774194E-01  0.90322581E+00  0.88886616E+00  0.23801617E+00
  0.96774194E-01  0.93548387E+00  0.80141613E+00  0.73992748E-01
  0.96774194E-01  0.96774194E+00  0.28004436E-01  0.21622474E-01
  0.96774194E-01  0.10000000E+01  0.43058374E+00  0.14920008E+00
  0.12903226E+00  0.00000000E+00  0.44016595E+00  0.44982815E+00
  0.12903226E+00  0.32258065E-01  0.36568317E+00  0.13262694E+00
  0.12903226E+00  0.64516129E-01  0.19337031E+00  0.44439131E+00
  0.12903226E+00  0.96774194E-01  0.97703432E+00  0.12010569E+00
  0.12903226E+00  0.12903226E+00  0.89916907E+00  0.60245140E+00
  0.12903226E+00  0.16129032E+00  0.41743967E+00  0.32041069E-01
  0.12903226E+00  0.19354839E+00  0.41116694E+00  0.23765298E+00
  0.12903226E+00  0.22580645E+00  0.32781168E+00  0.72646547E+00
  0.12903226E+00  0.25806452E+00  0.32945912E+00  0.67429127E+00
  0.12903226E+00  0.29032258E+00  0.43930327E+00  0.91581191E+00
  0.12903226E+00  0.32258065E+00  0.68813128E+00  0.93481210E+00
  0.12903226E+00  0.35483871E+00  0.26080786E+00  0.85441406E+00
  0.12903226E+00  0.38709677E+00  0.64275959E+00  0.42731195E+00
  0.12903226E+00  0.41935484E+00  0.76645935E+00  0.26006212E-01
  0.12903226E+00  0.45161290E+00  0.15791067E+00  0.63303794E+00
  0.12903226E+00  0.48387097E+00  0.83132114E-01  0.83122329E+00
  0.12903226E+00  0.51612903E+00  0.69464164E+00  0.79388782E+00
  0.12903226E+00  0.54838710E+00  0.17794100E+00  0.27510086E+00
  0.12903226E+00  0.58064516E+00  0.89800008E+00  0.59990995E+00
  0.12903226E+00  0.61290323E+00  0.54574133E+00  0.65457513E+00
  0.12903226E+00  0.64516129E+00  0.28452407E+00  0.87680337E+00
  0.12903226E+00  0.67741935E+00  0.89662892E+00  0.24598292E+00
  0.12903226E+00  0.70967742E+00  0.92974215E+00  0.27341772E+00
  0.12903226E+00  0.74193548E+00  0.84344006E+00  0.99256171E+00
  0.12903226E+00  0.77419355E+00  0.15567335E+00  0.94925328E+00
  0.12903226E+00  0.80645161E+00  0.58925151E+00  0.19194960E+00
  0.12903226E+00  0.83870968E+00  0.21832717E+00  0.26196099E+00
  0.12903226E+00  0.87096774E+00  0.61488051E+00  0.18368532E+00
  0.12903226E+00  0.90322581E+00  0.99520359E+00  0.45484239E+00
  0.12903226E+00  0.93548387E+00  0.36638478E+00  0.36708256E-01
  0.12903226E+00  0.96774194E+00  0.67279308E+00  0.34434967E+00
  0.12903226E+00  0.10000000E+01  0.94256253E+00  0.23685841E+00
  0.16129032E+00  0.00000000E+00  0.17698325E+00  0.62797952E+00
  0.16129032E+00  0.32258065E-01  0.27273149E+00  0.57714828E+00
  0.16129032E+00  0.64516129E-01  0.57924165E+00  0.32973010E+00
  0.16129032E+00  0.96774194E-01  0.21923301E+00  0.79650668E+00
  0.16129032E+00  0.12903226E+00  0.13325969E+00  0.79584678E+00
  0.16129032E+00  0.16129032E+00  0.38695053E-01  0.85644057E+00
  0.16129032E+00  0.19354839E+00  0.38871608E+00  0.20034030E-01
  0.16129032E+00  0.22580645E+00  0.33128770E+00  0.64416333E+00
  0.16129032E+00  0.25806452E+00  0.66814722E+00  0.20488916E+00
  0.16129032E+00  0.29032258E+00  0.81378866E+00  0.99531176E-01
  0.16129032E+00  0.32258065E+00  0.75444717E+00  0.44940230E+00
  0.16129032E+00  0.35483871E+00  0.70833423E-02  0.90254316E+00
  0.16129032E+00  0.38709677E+00  0.57836765E+00  0.43645640E+00
  0.16129032E+00  0.41935484E+00  0.92366480E+00  0.16084113E+00
  0.16129032E+00  0.45161290E+00  0.90601807E+00  0.12032723E+00
  0.16129032E+00  0.48387097E+00  0.75513375E+00  0.97209774E-01
  0.16129032E+00  0.51612903E+00  0.26365476E-01  0.41418338E+00
  0.16129032E+00  0.54838710E+00  0.55969860E+00  0.73707660E+00
  0.16129032E+00  0.58064516E+00  0.43873459E+00  0.87758627E+00
  0.16129032E+00  0.61290323E+00  0.94967539E+00  0.59601193E+00
  0.16129032E+00  0.64516129E+00  0.54030781E+00  0.40399015E+00
  0.16129032E+00  0.67741935E+00  0.77898786E+00  0.36722892E+00
  0.16129032E+00  0.70967742E+00  0.31362518E+00  0.90824206E+00
  0.16129032E+00  0.74193548E+00  0.83066738E+00  0.60908354E+00
  0.16129032E+00  0.77419355E+00  0.14084434E-01  0.14081894E-01
  0.16129032E+00  0.80645161E+00  0.50435302E+00  0.43257458E+00
  0.16129032E+00  0.83870968E+00  0.85744095E+00  0.74164236E+00
  0.16129032E+00  0.87096774E+00  0.50379150E+00  0.18884366E+00
  0.16129032E+00  0.90322581E+00  0.70730780E+00  0.19494898E+00
  0.16129032E+00  0.93548387E+00  0.52433720E+00  0.15667522E+00
  0.16129032E+00  0.96774194E+00  0.76265568E+00  0.24942011E+00
  0.16129032E+00  0.10000000E+01  0.94045218E+00  0.22999653E+00
  0.19354839E+00  0.00000000E+00  0.67658202E+00  0.41969274E+00
  0.19354839E+00  0.32258065E-01  0.26177988E+00  0.42846019E+00
  0.19354839E+00  0.64516129E-01  0.68644479E+00  0.50728451E+00
  0.19354839E+00  0.96774194E-01  0.65828159E+00  0.75768876E+00
  0.19354839E+00  0.12903226E+00  0.13611854E+00  0.53906382E+00
  0.19354839E+00  0.16129032E+00  0.10139170E+00  0.83902761E-01
  0.19354839E+00  0.19354839E+00  0.32962932E+00  0.11303520E+00
  0.19354839E+00  0.22580645E+00  0.16193619E+00  0.45086170E+00
  0.19354839E+00  0.25806452E+00  0.27647804E+00  0.64058815E+00
  0.19354839E+00  0.29032258E+00  0.45996590E+00  0.55946010E+00
  0.19354839E+00  0.32258065E+00  0.37914047E+00  0.33997192E-01
  0.19354839E+00  0.35483871E+00  0.35225651E+00  0.45522749E+00
  0.19354839E+00  0.38709677E+00  0.12056721E+00  0.39392187E+00
  0.19354839E+00  0.41935484E+00  0.61980856E+00  0.21582840E+00
  0.19354839E+00  0.45161290E+00  0.75168373E+00  0.69690672E+00
  0.19354839E+00  0.48387097E+00  0.15534744E+00  0.63856239E+00
  0.19354839E+00  0.51612903E+00  0.97889034E+00  0.48288130E+00
  0.19354839E+00  0.54838710E+00  0.65082340E+00  0.92786402E+00
  0.19354839E+00  0.58064516E+00  0.65156224E+00  0.54266018E+00
  0.19354839E+00  0.61290323E+00  0.28491154E+00  0.38280285E+00
  0.19354839E+00  0.64516129E+00  0.44954943E+00  0.60544292E+00
  0.19354839E+00  0.67741935E+00  0.41051182E+00  0.84583460E-01
  0.19354839E+00  0.70967742E+00  0.57067681E+00  0.26314109E-01
  0.19354839E+00  0.74193548E+00  0.24224904E+00  0.58404544E+00
  0.19354839E+00  0.77419355E+00  0.41824410E+00  0.47374334E+00
  0.19354839E+00  0.80645161E+00  0.54397286E+00  0.58916339E+00
  0.19354839E+00  0.83870968E+00  0.28852589E+00  0.61708522E+00
  0.19354839E+00  0.87096774E+00  0.31625780E+00  0.65254691E+00
  0.19354839E+00  0.90322581E+00  0.58271625E-01  0.81407936E+00
  0.19354839E+00  0.93548387E+00  0.48390322E+00  0.85894063E+00
  0.19354839E+00  0.96774194E+00  0.87220560E+00  0.79835037E+00
  0.19354839E+00  0.10000000E+01  0.58343335E+00  0.51272417E+00
  0.22580645E+00  0.00000000E+00  0.60753253E+00  0.45654998E+00
  0.22580645E+00  0.32258065E-01  0.40320405E+00  0.35393871E+00
  0.22580645E+00  0.64516129E-01  0.33238691E+00  0.23459791E+00
  0.22580645E+00  0.96774194E-01  0.90971629E+00  0.54617797E+00
  0.22580645E+00  0.12903226E+00  0.76588002E+00  0.18236849E+00
  0.22580645E+00  0.16129032E+00  0.23160294E+00  0.91063264E+00
  0.22580645E+00  0.19354839E+00  0.92163123E+00  0.79994153E+00
  0.22580645E+00  0.22580645E+00  0.31871687E+00  0.64850861E+00
  0.22580645E+00  0.25806452E+00  0.35760192E+00  0.41152401E+00
  0.22580645E+00  0.29032258E+00  0.90029887E-02  0.62888896E+00
  0.22580645E+00  0.32258065E+00  0.86359553E+00  0.85295012E+00
  0.22580645E+00  0.35483871E+00  0.71599826E+00  0.76233988E-01
  0.22580645E+00  0.38709677E+00  0.14875752E+00  0.15918125E+00
  0.22580645E+00  0.41935484E+00  0.11633166E+00  0.25788118E+00
  0.22580645E+00  0.45161290E+00  0.52907540E+00  0.25180599E+00
  0.22580645E+00  0.48387097E+00  0.83722423E+00  0.17154522E+00
  0.22580645E+00  0.51612903E+00  0.61487874E+00  0.62654011E+00
  0.22580645E+00  0.54838710E+00  0.14398904E+00  0.23281798E+00
  0.22580645E+00  0.58064516E+00  0.99833912E+00  0.40726602E-01
  0.22580645E+00  0.61290323E+00  0.62753121E+00  0.96266856E+00
  0.22580645E+00  0.64516129E+00  0.94097018E+00  0.20083563E+00
  0.22580645E+00  0.67741935E+00  0.89184789E+00  0.67494321E+00
  0.22580645E+00  0.70967742E+00  0.61127598E-01  0.44996458E+00
  0.22580645E+00  0.74193548E+00  0.24152829E+00  0.16386541E+00
  0.22580645E+00  0.77419355E+00  0.21509090E-01  0.45533802E+00
  0.22580645E+00  0.80645161E+00  0.36925363E+00  0.39153584E+00
  0.22580645E+00  0.83870968E+00  0.21665442E+00  0.89580772E+00
  0.22580645E+00  0.87096774E+00  0.43297201E-01  0.17543235E+00
  0.22580645E+00  0.90322581E+00  0.46044537E+00  0.14935263E+00
  0.22580645E+00  0.93548387E+00  0.79502432E+00  0.87591002E+00
  0.22580645E+00  0.96774194E+00  0.67360580E+00  0.98057893E+00
  0.22580645E+00  0.10000000E+01  0.60639235E+00  0.83701106E-01
  0.25806452E+00  0.00000000E+00  0.28345985E+00  0.88683368E+00
  0.25806452E+00  0.32258065E-01  0.44105792E+00  0.57651061E+00
  0.25806452E+00  0.64516129E-01  0.80233497E+00  0.40593699E+00
  0.25806452E+00  0.96774194E-01  0.35690733E+00  0.54870278E+00
  0.25806452E+00  0.12903226E+00  0.19451377E+00  0.33799918E+00
  0.25806452E+00  0.16129032E+00  0.90149989E+00  0.50685293E+00
  0.25806452E+00  0.19354839E+00  0.95730251E+00  0.42836076E+00
  0.25806452E+00  0.22580645E+00  0.13093400E+00  0.35592374E+00
  0.25806452E+00  0.25806452E+00  0.87746669E+00  0.66348163E+00
  0.25806452E+00  0.29032258E+00  0.73451726E+00  0.85747303E-01
  0.25806452E+00  0.32258065E+00  0.71873105E+00  0.95844107E+00
  0.25806452E+00  0.35483871E+00  0.72226652E+00  0.45852510E+00
  0.25806452E+00  0.38709677E+00  0.90927954E+00  0.84443775E+00
  0.25806452E+00  0.41935484E+00  0.11240785E+00  0.69632798E+00
  0.25806452E+00  0.45161290E+00  0.22925535E+00  0.15628971E+00
  0.25806452E+00  0.48387097E+00  0.61887655E+00  0.16859619E+00
  0.25806452E+00  0.51612903E+00  0.49826089E+00  0.71993439E+00
  0.25806452E+00  0.54838710E+00  0.33881716E+00  0.79639358E-01
  0.25806452E+00  0.58064516E+00  0.26285781E+00  0.39928610E-01
  0.25806452E+00  0.61290323E+00  0.44008342E+00  0.15613650E+00
  0.25806452E+00  0.64516129E+00  0.48406698E+00  0.98694858E+00
  0.25806452E+00  0.67741935E+00  0.84873833E+00  0.33463600E+00
  0.25806452E+00  0.70967742E+00  0.22486850E+00  0.48528987E+00
  0.25806452E+00  0.74193548E+00  0.93655410E+00  0.44905565E+00
  0.25806452E+00  0.77419355E+00  0.33770170E+00  0.20036748E+00
  0.25806452E+00  0.80645161E+00  0.20851218E+00  0.91818262E+00
  0.25806452E+00  0.83870968E+00  0.15196513E+00  0.22621576E+00
  0.25806452E+00  0.87096774E+00  0.99030323E+00  0.43317345E+00
  0.25806452E+00  0.90322581E+00  0.16151658E+00  0.77298844E+00
  0.25806452E+00  0.93548387E+00  0.11582715E+00  0.64505408E+00
  0.25806452E+00  0.96774194E+00  0.71217307E+00  0.85445866E+00
  0.25806452E+00  0.10000000E+01  0.61469308E+00  0.85221983E+00
  0.29032258E+00  0.00000000E+00  0.19107138E+00  0.85428242E+00
  0.29032258E+00  0.32258065E-01  0.79301807E+00  0.20474834E+00
  0.29032258E+00  0.64516129E-01  0.98210486E+00  0.20217067E+00
  0.29032258E+00  0.96774194E-01  0.88982031E+00  0.24680183E+00
  0.29032258E+00  0.12903226E+00  0.53848587E+00  0.82494808E+00
  0.29032258E+00  0.16129032E+00  0.50240282E-01  0.56170392E+00
  0.29032258E+00  0.19354839E+00  0.85602391E+00  0.27368645E+00
  0.29032258E+00  0.22580645E+00  0.90456317E+00  0.21769725E-01
  0.29032258E+00  0.25806452E+00  0.87135486E+00  0.16381916E+00
  0.29032258E+00  0.29032258E+00  0.36765058E+00  0.40742590E+00
  0.29032258E+00  0.32258065E+00  0.14944105E+00  0.86264117E+00
  0.29032258E+00  0.35483871E+00  0.32644053E+00  0.94710677E-01
  0.29032258E+00  0.38709677E+00  0.57107119E+00  0.17680899E+00
  0.29032258E+00  0.41935484E+00  0.32744746E+00  0.74277388E+00
  0.29032258E+00  0.45161290E+00  0.20360434E-01  0.39840726E-01
  0.29032258E+00  0.48387097E+00  0.26426222E+00  0.98137688E+00
  0.29032258E+00  0.51612903E+00  0.72250342E-01  0.19961605E+00
  0.29032258E+00  0.54838710E+00  0.65052084E-01  0.98392645E-01
  0.29032258E+00  0.58064516E+00  0.68000889E+00  0.90587620E+00
  0.29032258E+00  0.61290323E+00  0.38006073E+00  0.72730569E+00
  0.29032258E+00  0.64516129E+00  0.86273047E+00  0.59772398E+00
  0.29032258E+00  0.67741935E+00  0.26910826E+00  0.53471213E+00
  0.29032258E+00  0.70967742E+00  0.39283590E+00  0.59112379E+00
  0.29032258E+00  0.74193548E+00  0.88909120E+00  0.90781962E+00
  0.29032258E+00  0.77419355E+00  0.48357238E+00  0.76640159E+00
  0.29032258E+00  0.80645161E+00  0.18148246E+00  0.64194741E+00
  0.29032258E+00  0.83870968E+00  0.47651358E+00  0.25574490E+00
  0.29032258E+00  0.87096774E+00  0.55983141E+00  0.62802632E+00
  0.29032258E+00  0.90322581E+00  0.52905954E+00  0.13070282E+00
  0.29032258E+00  0.93548387E+00  0.59726381E+00  0.54009874E+00
  0.29032258E+00  0.96774194E+00  0.30193674E+00  0.89686037E-01
  0.29032258E+00  0.10000000E+01  0.71398184E+00  0.52281863E+00
  0.32258065E+00  0.00000000E+00  0.21849245E+00  0.58973801E-01
  0.32258065E+00  0.32258065E-01  0.29951591E+00  0.89743247E+00
  0.32258065E+00  0.64516129E-01  0.68920833E+00  0.63409748E+00
  0.32258065E+00  0.96774194E-01  0.69189631E+00  0.22650161E+00
  0.32258065E+00  0.12903226E+00  0.78759041E+00  0.54507477E+00
  0.32258065E+00  0.16129032E+00  0.65346953E+00  0.23837833E+00
  0.32258065E+00  0.19354839E+00  0.18536530E+00  0.59833952E+00
  0.32258065E+00  0.22580645E+00  0.51924648E+00  0.42548583E+00
  0.32258065E+00  0.25806452E+00  0.52703253E-01  0.89417933E+00
  0.32258065E+00  0.29032258E+00  0.46643170E+00  0.41785110E+00
  0.32258065E+00  0.32258065E+00  0.74571809E+00  0.51423557E+00
  0.32258065E+00  0.35483871E+00  0.20192333E+00  0.67060489E+00
  0.32258065E+00  0.38709677E+00  0.49396726E+00  0.20900335E+00
  0.32258065E+00  0.41935484E+00  0.64981311E+00  0.15148169E+00
  0.32258065E+00  0.45161290E+00  0.87951807E-01  0.85331547E-01
  0.32258065E+00  0.48387097E+00  0.63888639E+00  0.28319766E-01
  0.32258065E+00  0.51612903E+00  0.56661637E+00  0.29392281E+00
  0.32258065E+00  0.54838710E+00  0.59012211E+00  0.35656113E+00
  0.32258065E+00  0.58064516E+00  0.90484920E+00  0.71683354E+00
  0.32258065E+00  0.61290323E+00  0.20419283E+00  0.76675158E+00
  0.32258065E+00  0.64516129E+00  0.70098216E+00  0.65497389E+00
  0.32258065E+00  0.67741935E+00  0.14896471E+00  0.15204063E+00
  0.32258065E+00  0.70967742E+00  0.86429070E+00  0.51560779E+00
  0.32258065E+00  0.74193548E+00  0.74699749E+00  0.35568160E+00
  0.32258065E+00  0.77419355E+00  0.30249388E+00  0.49985291E+00
  0.32258065E+00  0.80645161E+00  0.66304455E+00  0.85853154E+00
  0.32258065E+00  0.83870968E+00  0.60925437E+00  0.29018069E+00
  0.32258065E+00  0.87096774E+00  0.59155285E+00  0.46655127E+00
  0.32258065E+00  0.90322581E+00  0.75167844E+00  0.73791633E+00
  0.32258065E+00  0.93548387E+00  0.94416295E+00  0.99830538E+00
  0.32258065E+00  0.96774194E+00  0.75781594E+00  0.55073879E+00
  0.32258065E+00  0.10000000E+01  0.53720904E+00  0.97246219E+00
  0.35483871E+00  0.00000000E+00  0.68194617E+00  0.48075755E+00
  0.35483871E+00  0.32258065E-01  0.62098214E-01  0.44770421E+00
  0.35483871E+00  0.64516129E-01  0.47200310E+00  0.75654366E+00
  0.35483871E+00  0.96774194E-01  0.96160034E+00  0.60408634E+00
  0.35483871E+00  0.12903226E+00  0.22300511E+00  0.51477371E+00
  0.35483871E+00  0.16129032E+00  0.42449264E+00  0.18412564E-01
  0.35483871E+00  0.19354839E+00  0.44482573E-01  0.32790947E+00
  0.35483871E+00  0.22580645E+00  0.70552337E+00  0.17005115E-01
  0.35483871E+00  0.25806452E+00  0.82766587E-02  0.69800867E+00
  0.35483871E+00  0.29032258E+00  0.36550161E+00  0.69953219E+00
  0.35483871E+00  0.32258065E+00  0.83603932E+00  0.74422496E+00
  0.35483871E+00  0.35483871E+00  0.95879720E+00  0.62650792E+00
  0.35483871E+00  0.38709677E+00  0.58673331E+00  0.89030796E+00
  0.35483871E+00  0.41935484E+00  0.72084079E+00  0.50679239E+00
  0.35483871E+00  0.45161290E+00  0.34413217E+00  0.55210322E+00
  0.35483871E+00  0.48387097E+00  0.25562380E+00  0.88509163E+00
  0.35483871E+00  0.51612903E+00  0.90432022E+00  0.82505225E+00
  0.35483871E+00  0.54838710E+00  0.22319848E+00  0.82945762E+00
  0.35483871E+00  0.58064516E+00  0.46319258E+00  0.17169251E+00
  0.35483871E+00  0.61290323E+00  0.27177820E-01  0.61878830E+00
  0.35483871E+00  0.64516129E+00  0.30395517E+00  0.10915738E+00
  0.35483871E+00  0.67741935E+00  0.50223564E+00  0.43032752E+00
  0.35483871E+00  0.70967742E+00  0.48462469E+00  0.89667623E+00
  0.35483871E+00  0.74193548E+00  0.60160654E+00  0.27165120E-01
  0.35483871E+00  0.77419355E+00  0.52552862E+00  0.22307433E+00
  0.35483871E+00  0.80645161E+00  0.84585903E-01  0.44573686E+00
  0.35483871E+00  0.83870968E+00  0.96805269E-01  0.89427294E+00
  0.35483871E+00  0.87096774E+00  0.20402991E+00  0.68332445E+00
  0.35483871E+00  0.90322581E+00  0.70590370E+00  0.52078925E+00
  0.35483871E+00  0.93548387E+00  0.39385554E+00  0.38555556E+00
  0.35483871E+00  0.96774194E+00  0.38508377E+00  0.20523638E+00
  0.35483871E+00  0.10000000E+01  0.95654054E+00  0.53390380E+00
  0.38709677E+00  0.00000000E+00  0.24352906E+00  0.91645692E+00
  0.38709677E+00  0.32258065E-01  0.53975610E+00  0.12046048E+00
  0.38709677E+00  0.64516129E-01  0.80907469E+00  0.25681853E+00
  0.38709677E+00  0.96774194E-01  0.95185562E+00  0.12898023E+00
  0.38709677E+00  0.12903226E+00  0.84627765E+00  0.55815028E+00
  0.38709677E+00  0.16129032E+00  0.99481191E+00  0.87352323E+00
  0.38709677E+00  0.19354839E+00  0.17070630E+00  0.40251790E+00
  0.38709677E+00  0.22580645E+00  0.64469824E-01  0.96101177E+00
  0.38709677E+00  0.25806452E+00  0.93035699E+00  0.34357529E+00
  0.38709677E+00  0.29032258E+00  0.23285220E+00  0.81370632E+00
  0.38709677E+00  0.32258065E+00  0.29315406E+00  0.59406446E+00
  0.38709677E+00  0.35483871E+00  0.93565985E+00  0.35670546E+00
  0.38709677E+00  0.38709677E+00  0.13444981E+00  0.71331556E+00
  0.38709677E+00  0.41935484E+00  0.65977158E+00  0.70544590E+00
  0.38709677E+00  0.45161290E+00  0.72452453E+00  0.29474687E+00
  0.38709677E+00  0.48387097E+00  0.63074417E+00  0.85320250E+00
  0.38709677E+00  0.51612903E+00  0.41608649E+00  0.65336481E+00
  0.38709677E+00  0.54838710E+00  0.50031236E+00  0.35858824E+00
  0.38709677E+00  0.58064516E+00  0.33177192E+00  0.51326394E+00
  0.38709677E+00  0.61290323E+00  0.33888900E-01  0.33054245E-01
  0.38709677E+00  0.64516129E+00  0.51645051E-01  0.69512696E+00
  0.38709677E+00  0.67741935E+00  0.79806449E+00  0.62838978E+00
  0.38709677E+00  0.70967742E+00  0.30069808E+00  0.80372467E+00
  0.38709677E+00  0.74193548E+00  0.84810782E+00  0.52422222E+00
  0.38709677E+00  0.77419355E+00  0.63635120E+00  0.91541604E+00
  0.38709677E+00  0.80645161E+00  0.41546557E+00  0.41551711E+00
  0.38709677E+00  0.83870968E+00  0.13595255E+00  0.26564817E+00
  0.38709677E+00  0.87096774E+00  0.59526237E+00  0.78099780E-04
  0.38709677E+00  0.90322581E+00  0.84278273E-01  0.93645628E+00
  0.38709677E+00  0.93548387E+00  0.33800859E-01  0.66604699E+00
  0.38709677E+00  0.96774194E+00  0.66103249E+00  0.54396374E+00
  0.38709677E+00  0.10000000E+01  0.61606164E+00  0.17940371E+00
  0.41935484E+00  0.00000000E+00  0.11193048E+00  0.71172603E+00
  0.41935484E+00  0.32258065E-01  0.17543819E-01  0.79654743E+00
  0.41935484E+00  0.64516129E-01  0.23314477E+00  0.83125150E+00
  0.41935484E+00  0.96774194E-01  0.94913153E+00  0.42513536E+00
  0.41935484E+00  0.12903226E+00  0.22598328E+00  0.85826677E+00
  0.41935484E+00  0.16129032E+00  0.45324447E+00  0.38421852E+00
  0.41935484E+00  0.19354839E+00  0.80850929E+00  0.53280277E+00
  0.41935484E+00  0.22580645E+00  0.71640599E+00  0.41280549E+00
  0.41935484E+00  0.25806452E+00  0.30758126E+00  0.14720755E-01
  0.41935484E+00  0.29032258E+00  0.87768462E+00  0.51348519E+00
  0.41935484E+00  0.32258065E+00  0.34635279E+00  0.57121229E+00
  0.41935484E+00  0.35483871E+00  0.71619406E+00  0.63992685E+00
  0.41935484E+00  0.38709677E+00  0.53177267E+00  0.26429928E+00
  0.41935484E+00  0.41935484E+00  0.33859317E+00  0.38438003E+00
  0.41935484E+00  0.45161290E+00  0.14208483E+00  0.63833393E+00
  0.41935484E+00  0.48387097E+00  0.86658597E+00  0.66517460E+00
  0.41935484E+00  0.51612903E+00  0.81432839E+00  0.40749880E+00
  0.41935484E+00  0.54838710E+00  0.12442167E+00  0.41422078E+00
  0.41935484E+00  0.58064516E+00  0.23183762E+00  0.14330674E+00
  0.41935484E+00  0.61290323E+00  0.32639461E+00  0.26450909E+00
  0.41935484E+00  0.64516129E+00  0.81174196E+00  0.96210093E+00
  0.41935484E+00  0.67741935E+00  0.76434432E+00  0.23761037E+00
  0.41935484E+00  0.70967742E+00  0.39246603E+00  0.21255489E+00
  0.41935484E+00  0.74193548E+00  0.49515550E+00  0.43117578E+00
  0.41935484E+00  0.77419355E+00  0.92122960E+00  0.16317245E+00
  0.41935484E+00  0.80645161E+00  0.28258000E-01  0.70643683E+00
  0.41935484E+00  0.83870968E+00  0.14154760E+00  0.68978776E+00
  0.41935484E+00  0.87096774E+00  0.13126844E-01  0.37570533E+00
  0.41935484E+00  0.90322581E+00  0.28073014E+00  0.96306529E+00
  0.41935484E+00  0.93548387E+00  0.92678222E+00  0.88987340E+00
  0.41935484E+00  0.96774194E+00  0.73738250E+00  0.13599983E+00
  0.41935484E+00  0.10000000E+01  0.76128949E+00  0.52591351E+00
  0.45161290E+00  0.00000000E+00  0.78064343E-01  0.91988564E+00
  0.45161290E+00  0.32258065E-01  0.18091324E+00  0.13147772E+00
  0.45161290E+00  0.64516129E-01  0.98188906E+00  0.22043889E+00
  0.45161290E+00  0.96774194E-01  0.35102585E+00  0.59195595E+00
  0.45161290E+00  0.12903226E+00  0.16485215E+00  0.62539211E+00
  0.45161290E+00  0.16129032E+00  0.57787542E+00  0.78952133E+00
  0.45161290E+00  0.19354839E+00  0.29406637E+00  0.75776277E+00
  0.45161290E+00  0.22580645E+00  0.83834337E+00  0.52341509E+00
  0.45161290E+00  0.25806452E+00  0.82805681E+00  0.51489086E+00
  0.45161290E+00  0.29032258E+00  0.24447348E+00  0.71095096E+00
  0.45161290E+00  0.32258065E+00  0.70426094E+00  0.75593888E+00
  0.45161290E+00  0.35483871E+00  0.73097189E+00  0.75015191E-01
  0.45161290E+00  0.38709677E+00  0.26528565E-01  0.98939183E+00
  0.45161290E+00  0.41935484E+00  0.74270709E+00  0.83156655E+00
  0.45161290E+00  0.45161290E+00  0.75262186E+00  0.60557225E-01
  0.45161290E+00  0.48387097E+00  0.92220993E+00  0.37713629E+00
  0.45161290E+00  0.51612903E+00  0.38171535E+00  0.83906509E+00
  0.45161290E+00  0.54838710E+00  0.79717359E+00  0.97632821E+00
  0.45161290E+00  0.58064516E+00  0.64189590E+00  0.90636795E+00
  0.45161290E+00  0.61290323E+00  0.46795364E+00  0.44931859E+00
  0.45161290E+00  0.64516129E+00  0.17766274E+00  0.24324085E+00
  0.45161290E+00  0.67741935E+00  0.29506798E+00  0.85935622E+00
  0.45161290E+00  0.70967742E+00  0.23742744E+00  0.91728135E+00
  0.45161290E+00  0.74193548E+00  0.58669686E+00  0.20026242E+00
  0.45161290E+00  0.77419355E+00  0.36101396E+00  0.77040952E+00
  0.45161290E+00  0.80645161E+00  0.28618289E+00  0.83931005E-01
  0.45161290E+00  0.83870968E+00  0.67158566E-01  0.10636791E+00
  0.45161290E+00  0.87096774E+00  0.65953104E+00  0.42782830E+00
  0.45161290E+00  0.90322581E+00  0.54100991E+00  0.37822162E+00
  0.45161290E+00  0.93548387E+00  0.98290864E+00  0.14249314E+00
  0.45161290E+00  0.96774194E+00  0.32162898E+00  0.87585824E+00
  0.45161290E+00  0.10000000E+01  0.23014534E+00  0.81903687E+00
  0.48387097E+00  0.00000000E+00  0.20286473E+00  0.74365012E+00
  0.48387097E+00  0.32258065E-01  0.65957604E-01  0.67522168E+00
  0.48387097E+00  0.64516129E-01  0.58630076E+00  0.62788780E+00
  0.48387097E+00  0.96774194E-01  0.80919022E-01  0.35508358E+00
  0.48387097E+00  0.12903226E+00  0.94138592E+00  0.22571689E+00
  0.48387097E+00  0.16129032E+00  0.71780809E+00  0.15190280E+00
  0.48387097E+00  0.19354839E+00  0.20280964E+00  0.51669791E+00
  0.48387097E+00  0.22580645E+00  0.51551652E+00  0.10183474E+00
  0.48387097E+00  0.25806452E+00  0.18554091E+00  0.15456097E-01
  0.48387097E+00  0.29032258E+00  0.23696558E+00  0.61984947E+00
  0.48387097E+00  0.32258065E+00  0.27232827E+00  0.45918139E+00
  0.48387097E+00  0.35483871E+00  0.55660606E+00  0.18723179E+00
  0.48387097E+00  0.38709677E+00  0.10119978E+00  0.49512842E+00
  0.48387097E+00  0.41935484E+00  0.74791831E+00  0.39081172E-01
  0.48387097E+00  0.45161290E+00  0.25296305E+00  0.36811651E+00
  0.48387097E+00  0.48387097E+00  0.37091221E+00  0.85181179E+00
  0.48387097E+00  0.51612903E+00  0.93870524E+00  0.60802969E+00
  0.48387097E+00  0.54838710E+00  0.95962718E+00  0.43065252E+00
  0.48387097E+00  0.58064516E+00  0.68729304E+00  0.71731668E+00
  0.48387097E+00  0.61290323E+00  0.70963219E+00  0.39714694E+00
  0.48387097E+00  0.64516129E+00  0.32872691E-01  0.85849090E+00
  0.48387097E+00  0.67741935E+00  0.16552573E+00  0.87665331E+00
  0.48387097E+00  0.70967742E+00  0.20236996E+00  0.54163047E+00
  0.48387097E+00  0.74193548E+00  0.90843586E+00  0.18584460E+00
  0.48387097E+00  0.77419355E+00  0.80299016E+00  0.31187820E+00
  0.48387097E+00  0.80645161E+00  0.24352016E+00  0.52020847E+00
  0.48387097E+00  0.83870968E+00  0.50971816E+00  0.43694161E+00
  0.48387097E+00  0.87096774E+00  0.88746577E+00  0.64154728E+00
  0.48387097E+00  0.90322581E+00  0.75281835E+00  0.59459290E+00
  0.48387097E+00  0.93548387E+00  0.65598934E+00  0.56547809E+00
  0.48387097E+00  0.96774194E+00  0.40533467E+00  0.56016899E+00
  0.48387097E+00  0.10000000E+01  0.15133709E+00  0.24893266E+00
  0.51612903E+00  0.00000000E+00  0.27658530E+00  0.84929535E+00
  0.51612903E+00  0.32258065E-01  0.41830692E-01  0.56099364E+00
  0.51612903E+00  0.64516129E-01  0.27729135E+00  0.83585000E+00
  0.51612903E+00  0.96774194E-01  0.13231879E+00  0.47420775E+00
  0.51612903E+00  0.12903226E+00  0.51800809E+00  0.55856998E+00
  0.51612903E+00  0.16129032E+00  0.36822434E-02  0.19383397E+00
  0.51612903E+00  0.19354839E+00  0.71337654E+00  0.24752557E+00
  0.51612903E+00  0.22580645E+00  0.22232294E+00  0.90033522E-01
  0.51612903E+00  0.25806452E+00  0.45343445E+00  0.33484392E+00
  0.51612903E+00  0.29032258E+00  0.57378949E+00  0.57877450E+00
  0.51612903E+00  0.32258065E+00  0.89111629E+00  0.14220908E+00
  0.51612903E+00  0.35483871E+00  0.75027724E+00  0.80933190E+00
  0.51612903E+00  0.38709677E+00  0.42975327E+00  0.56836199E+00
  0.51612903E+00  0.41935484E+00  0.38128245E-01  0.35178759E+00
  0.51612903E+00  0.45161290E+00  0.41057332E+00  0.77660047E+00
  0.51612903E+00  0.48387097E+00  0.53313184E-02  0.88453034E+00
  0.51612903E+00  0.51612903E+00  0.80020111E+00  0.88227921E+00
  0.51612903E+00  0.54838710E+00  0.18902198E+00  0.88175579E+00
  0.51612903E+00  0.58064516E+00  0.87815802E+00  0.64030981E+00
  0.51612903E+00  0.61290323E+00  0.78298249E+00  0.30096646E+00
  0.51612903E+00  0.64516129E+00  0.92436218E+00  0.13266073E+00
  0.51612903E+00  0.67741935E+00  0.32514182E+00  0.27047178E+00
  0.51612903E+00  0.70967742E+00  0.90662843E+00  0.45585733E+00
  0.51612903E+00  0.74193548E+00  0.38507570E+00  0.77688804E+00
  0.51612903E+00  0.77419355E+00  0.16816835E+00  0.40848186E+00
  0.51612903E+00  0.80645161E+00  0.25150655E+00  0.35263842E+00
  0.51612903E+00  0.83870968E+00  0.11509025E+00  0.17867343E+00
  0.51612903E+00  0.87096774E+00  0.61980356E+00  0.76345300E+00
  0.51612903E+00  0.90322581E+00  0.90389915E+00  0.31628056E-01
  0.51612903E+00  0.93548387E+00  0.27948261E+00  0.69586872E+00
  0.51612903E+00  0.96774194E+00  0.12899682E+00  0.99709864E+00
  0.51612903E+00  0.10000000E+01  0.80170633E+00  0.44472942E+00
  0.54838710E+00  0.00000000E+00  0.12697457E+00  0.11891286E-01
  0.54838710E+00  0.32258065E-01  0.33612410E+00  0.98026283E+00
  0.54838710E+00  0.64516129E-01  0.84222256E+00  0.68168117E+00
  0.54838710E+00  0.96774194E-01  0.68299944E+00  0.20484337E+00
  0.54838710E+00  0.12903226E+00  0.65176323E+00  0.30018389E+00
  0.54838710E+00  0.16129032E+00  0.63857942E-02  0.93260903E+00
  0.54838710E+00  0.19354839E+00  0.17828673E+00  0.83423129E+00
  0.54838710E+00  0.22580645E+00  0.48141775E+00  0.57103701E-01
  0.54838710E+00  0.25806452E+00  0.82124708E+00  0.52595428E+00
  0.54838710E+00  0.29032258E+00  0.40374380E+00  0.59092033E+00
  0.54838710E+00  0.32258065E+00  0.44436225E+00  0.58028286E+00
  0.54838710E+00  0.35483871E+00  0.87702637E+00  0.35320094E+00
  0.54838710E+00  0.38709677E+00  0.63114106E-01  0.85244609E+00
  0.54838710E+00  0.41935484E+00  0.50044178E+00  0.65713665E+00
  0.54838710E+00  0.45161290E+00  0.53224845E+00  0.53547212E+00
  0.54838710E+00  0.48387097E+00  0.56180291E-01  0.99746761E+00
  0.54838710E+00  0.51612903E+00  0.23327498E+00  0.84768815E+00
  0.54838710E+00  0.54838710E+00  0.19694606E+00  0.73798309E+00
  0.54838710E+00  0.58064516E+00  0.76196732E+00  0.72022046E+00
  0.54838710E+00  0.61290323E+00  0.13345717E+00  0.79902138E+00
  0.54838710E+00  0.64516129E+00  0.61586302E+00  0.48449441E+00
  0.54838710E+00  0.67741935E+00  0.32194562E+00  0.34496990E+00
  0.54838710E+00  0.70967742E+00  0.88176351E+00  0.55973442E+00
  0.54838710E+00  0.74193548E+00  0.15165732E+00  0.47176509E+00
  0.54838710E+00  0.77419355E+00  0.92323418E+00  0.14046399E+00
  0.54838710E+00  0.80645161E+00  0.63235210E+00  0.89439250E+00
  0.54838710E+00  0.83870968E+00  0.68104317E-01  0.88400569E+00
  0.54838710E+00  0.87096774E+00  0.81803700E-01  0.63438672E+00
  0.54838710E+00  0.90322581E+00  0.29596711E+00  0.59798117E+00
  0.54838710E+00  0.93548387E+00  0.81329978E+00  0.70733144E+00
  0.54838710E+00  0.96774194E+00  0.92567969E+00  0.92781114E+00
  0.54838710E+00  0.10000000E+01  0.82314193E+00  0.81035942E+00
  0.58064516E+00  0.00000000E+00  0.77431750E+00  0.26762400E+00
  0.58064516E+00  0.32258065E-01  0.24358809E+00  0.93135453E+00
  0.58064516E+00  0.64516129E-01  0.90164978E+00  0.38093144E+00
  0.58064516E+00  0.96774194E-01  0.26661099E+00  0.98662106E+00
  0.58064516E+00  0.12903226E+00  0.60013522E+00  0.56039545E+00
  0.58064516E+00  0.16129032E+00  0.42892539E+00  0.72116671E+00
  0.58064516E+00  0.19354839E+00  0.66208261E-01  0.26002143E+00
  0.58064516E+00  0.22580645E+00  0.13321877E+00  0.50545501E+00
  0.58064516E+00  0.25806452E+00  0.80684423E-01  0.68860606E+00
  0.58064516E+00  0.29032258E+00  0.71030969E+00  0.30849075E+00
  0.58064516E+00  0.32258065E+00  0.69626034E+00  0.49723724E+00
  0.58064516E+00  0.35483871E+00  0.10664784E+00  0.38531999E+00
  0.58064516E+00  0.38709677E+00  0.92501374E+00  0.46679417E+00
  0.58064516E+00  0.41935484E+00  0.57181401E+00  0.96453004E+00
  0.58064516E+00  0.45161290E+00  0.42590346E+00  0.19544730E+00
  0.58064516E+00  0.48387097E+00  0.34602009E+00  0.93574948E+00
  0.58064516E+00  0.51612903E+00  0.19226945E+00  0.78615832E+00
  0.58064516E+00  0.54838710E+00  0.34760906E+00  0.53714814E+00
  0.58064516E+00  0.58064516E+00  0.23933275E+00  0.53418021E+00
  0.58064516E+00  0.61290323E+00  0.86055503E+00  0.42937116E-01
  0.58064516E+00  0.64516129E+00  0.29169550E+00  0.61455717E+00
  0.58064516E+00  0.67741935E+00  0.22196320E+00  0.45086876E+00
  0.58064516E+00  0.70967742E+00  0.47084097E+00  0.76962471E+00
  0.58064516E+00  0.74193548E+00  0.50956986E+00  0.16973668E+00
  0.58064516E+00  0.77419355E+00  0.98263349E+00  0.99650955E+00
  0.58064516E+00  0.80645161E+00  0.22924243E+00  0.70687576E+00
  0.58064516E+00  0.83870968E+00  0.80481854E+00  0.23462971E+00
  0.58064516E+00  0.87096774E+00  0.24794074E-02  0.35566213E+00
  0.58064516E+00  0.90322581E+00  0.37452267E+00  0.53194445E-01
  0.58064516E+00  0.93548387E+00  0.25391042E+00  0.88301317E+00
  0.58064516E+00  0.96774194E+00  0.27575355E+00  0.33870428E+00
  0.58064516E+00  0.10000000E+01  0.89879617E+00  0.21688755E+00
  0.61290323E+00  0.00000000E+00  0.30867767E+00  0.71535233E+00
  0.61290323E+00  0.32258065E-01  0.55740976E+00  0.60360821E-01
  0.61290323E+00  0.64516129E-01  0.49687006E+00  0.87996134E+00
  0.61290323E+00  0.96774194E-01  0.93123097E+00  0.59245949E+00
  0.61290323E+00  0.12903226E+00  0.77836632E-01  0.92572546E+00
  0.61290323E+00  0.16129032E+00  0.90118735E+00  0.94928397E-01
  0.61290323E+00  0.19354839E+00  0.44692393E+00  0.98027080E+00
  0.61290323E+00  0.22580645E+00  0.17581210E+00  0.30472287E+00
  0.61290323E+00  0.25806452E+00  0.29772683E+00  0.81175690E+00
  0.61290323E+00  0.29032258E+00  0.10563674E+00  0.44308168E+00
  0.61290323E+00  0.32258065E+00  0.30958847E+00  0.51637678E+00
  0.61290323E+00  0.35483871E+00  0.37069105E+00  0.90302705E+00
  0.61290323E+00  0.38709677E+00  0.83510028E+00  0.20585688E+00
  0.61290323E+00  0.41935484E+00  0.66800312E+00  0.93686466E+00
  0.61290323E+00  0.45161290E+00  0.58760202E+00  0.69495710E+00
  0.61290323E+00  0.48387097E+00  0.39909933E+00  0.34368363E+00
  0.61290323E+00  0.51612903E+00  0.32868168E+00  0.18897077E+00
  0.61290323E+00  0.54838710E+00  0.35750434E+00  0.15685652E+00
  0.61290323E+00  0.58064516E+00  0.55567560E+00  0.97122469E+00
  0.61290323E+00  0.61290323E+00  0.41624112E+00  0.33153934E+00
  0.61290323E+00  0.64516129E+00  0.18916836E+00  0.90579094E-01
  0.61290323E+00  0.67741935E+00  0.21533091E+00  0.43217156E+00
  0.61290323E+00  0.70967742E+00  0.26049288E+00  0.48927666E-01
  0.61290323E+00  0.74193548E+00  0.84929326E+00  0.31997608E+00
  0.61290323E+00  0.77419355E+00  0.59923033E+00  0.48869754E+00
  0.61290323E+00  0.80645161E+00  0.55464599E+00  0.84045926E+00
  0.61290323E+00  0.83870968E+00  0.52071019E+00  0.88034929E+00
  0.61290323E+00  0.87096774E+00  0.39740523E+00  0.51091090E+00
  0.61290323E+00  0.90322581E+00  0.51351023E+00  0.20987695E+00
  0.61290323E+00  0.93548387E+00  0.96058540E+00  0.20790425E+00
  0.61290323E+00  0.96774194E+00  0.92695650E+00  0.66630798E+00
  0.61290323E+00  0.10000000E+01  0.31699188E-01  0.85479601E+00
  0.64516129E+00  0.00000000E+00  0.88038548E+00  0.41227256E+00
  0.64516129E+00  0.32258065E-01  0.61195768E+00  0.89354362E+00
  0.64516129E+00  0.64516129E-01  0.62547681E-01  0.79074999E-01
  0.64516129E+00  0.96774194E-01  0.83199535E+00  0.80892029E+00
  0.64516129E+00  0.12903226E+00  0.97206963E+00  0.87594716E+00
  0.64516129E+00  0.16129032E+00  0.13295294E+00  0.16071785E-01
  0.64516129E+00  0.19354839E+00  0.70972554E+00  0.89849316E+00
  0.64516129E+00  0.22580645E+00  0.98884991E+00  0.11592753E+00
  0.64516129E+00  0.25806452E+00  0.29465511E+00  0.17484273E+00
  0.64516129E+00  0.29032258E+00  0.13582118E+00  0.48569258E+00
  0.64516129E+00  0.32258065E+00  0.35186350E+00  0.35315125E+00
  0.64516129E+00  0.35483871E+00  0.25961716E+00  0.96634763E+00
  0.64516129E+00  0.38709677E+00  0.79972136E+00  0.38909973E+00
  0.64516129E+00  0.41935484E+00  0.68310375E+00  0.55014901E+00
  0.64516129E+00  0.45161290E+00  0.53746482E+00  0.23339482E+00
  0.64516129E+00  0.48387097E+00  0.53762304E-01  0.68128689E-01
  0.64516129E+00  0.51612903E+00  0.13269550E+00  0.51926879E+00
  0.64516129E+00  0.54838710E+00  0.31189674E-01  0.87759425E+00
  0.64516129E+00  0.58064516E+00  0.50888046E+00  0.24997957E+00
  0.64516129E+00  0.61290323E+00  0.97459818E+00  0.54962894E+00
  0.64516129E+00  0.64516129E+00  0.63285228E+00  0.48631069E+00
  0.64516129E+00  0.67741935E+00  0.63031563E+00  0.55659162E+00
  0.64516129E+00  0.70967742E+00  0.20230899E+00  0.34071359E-01
  0.64516129E+00  0.74193548E+00  0.81928531E+00  0.95961679E+00
  0.64516129E+00  0.77419355E+00  0.33331412E+00  0.13159638E+00
  0.64516129E+00  0.80645161E+00  0.12456596E+00  0.96114590E-01
  0.64516129E+00  0.83870968E+00  0.24779667E+00  0.13724622E+00
  0.64516129E+00  0.87096774E+00  0.57883184E+00  0.26727079E+00
  0.64516129E+00  0.90322581E+00  0.96105112E+00  0.21690695E+00
  0.64516129E+00  0.93548387E+00  0.35187265E+00  0.42554680E+00
  0.64516129E+00  0.96774194E+00  0.96923741E+00  0.31490312E-01
  0.64516129E+00  0.10000000E+01  0.43809359E+00  0.86217967E+00
  0.67741935E+00  0.00000000E+00  0.71803577E+00  0.22329265E+00
  0.67741935E+00  0.32258065E-01  0.99560441E+00  0.16537510E+00
  0.67741935E+00  0.64516129E-01  0.67487677E+00  0.16235899E+00
  0.67741935E+00  0.96774194E-01  0.66761652E+00  0.10347773E+00
  0.67741935E+00  0.12903226E+00  0.43291434E+00  0.93691900E+00
  0.67741935E+00  0.16129032E+00  0.93617236E+00  0.47255908E+00
  0.67741935E+00  0.19354839E+00  0.60808849E+00  0.18469724E+00
  0.67741935E+00  0.22580645E+00  0.30364080E+00  0.14790124E-01
  0.67741935E+00  0.25806452E+00  0.26107191E+00  0.17418610E+00
  0.67741935E+00  0.29032258E+00  0.60873345E-01  0.94685966E+00
  0.67741935E+00  0.32258065E+00  0.58476994E+00  0.49214578E+00
  0.67741935E+00  0.35483871E+00  0.97470418E+00  0.64747431E+00
  0.67741935E+00  0.38709677E+00  0.59182061E+00  0.73110432E+00
  0.67741935E+00  0.41935484E+00  0.97545016E+00  0.34485851E+00
  0.67741935E+00  0.45161290E+00  0.80209459E+00  0.17685757E+00
  0.67741935E+00  0.48387097E+00  0.84441080E+00  0.80425453E+00
  0.67741935E+00  0.51612903E+00  0.93019525E+00  0.49596919E+00
  0.67741935E+00  0.54838710E+00  0.90136829E+00  0.15422453E-01
  0.67741935E+00  0.58064516E+00  0.57295858E+00  0.42327070E+00
  0.67741935E+00  0.61290323E+00  0.69208746E+00  0.88014019E+00
  0.67741935E+00  0.64516129E+00  0.89695329E+00  0.44936140E+00
  0.67741935E+00  0.67741935E+00  0.67581584E+00  0.89970346E+00
  0.67741935E+00  0.70967742E+00  0.32598070E+00  0.50810845E+00
  0.67741935E+00  0.74193548E+00  0.91278361E+00  0.86242583E+00
  0.67741935E+00  0.77419355E+00  0.22857485E+00  0.66414680E+00
  0.67741935E+00  0.80645161E+00  0.75170361E+00  0.53113867E+00
  0.67741935E+00  0.83870968E+00  0.60550239E+00  0.80037924E+00
  0.67741935E+00  0.87096774E+00  0.51727136E+00  0.33069118E+00
  0.67741935E+00  0.90322581E+00  0.77726269E+00  0.30547638E+00
  0.67741935E+00  0.93548387E+00  0.19766503E+00  0.35450367E-01
  0.67741935E+00  0.96774194E+00  0.71587758E-01  0.76137665E+00
  0.67741935E+00  0.10000000E+01  0.13204546E+00  0.45680109E+00
  0.70967742E+00  0.00000000E+00  0.67562426E+00  0.47333628E+00
  0.70967742E+00  0.32258065E-01  0.53858915E+00  0.73871342E+00
  0.70967742E+00  0.64516129E-01  0.97107585E+00  0.86550264E+00
  0.70967742E+00  0.96774194E-01  0.83491537E+00  0.13225661E+00
  0.70967742E+00  0.12903226E+00  0.37880432E+00  0.13301300E+00
  0.70967742E+00  0.16129032E+00  0.97893091E-02  0.39252885E+00
  0.70967742E+00  0.19354839E+00  0.64751313E-01  0.98151498E+00
  0.70967742E+00  0.22580645E+00  0.58189004E+00  0.13187029E+00
  0.70967742E+00  0.25806452E+00  0.72208329E-01  0.85191622E+00
  0.70967742E+00  0.29032258E+00  0.29099649E+00  0.54163107E+00
  0.70967742E+00  0.32258065E+00  0.93167121E-02  0.60788438E+00
  0.70967742E+00  0.35483871E+00  0.78548742E+00  0.79671344E-01
  0.70967742E+00  0.38709677E+00  0.73656766E+00  0.22334713E+00
  0.70967742E+00  0.41935484E+00  0.30984147E+00  0.15786128E+00
  0.70967742E+00  0.45161290E+00  0.54302241E-01  0.46999212E+00
  0.70967742E+00  0.48387097E+00  0.39213712E+00  0.82958106E+00
  0.70967742E+00  0.51612903E+00  0.39021135E+00  0.60476704E+00
  0.70967742E+00  0.54838710E+00  0.53155269E+00  0.47722087E+00
  0.70967742E+00  0.58064516E+00  0.48683575E+00  0.57379588E-01
  0.70967742E+00  0.61290323E+00  0.88586639E+00  0.49968089E+00
  0.70967742E+00  0.64516129E+00  0.89066066E-01  0.11779746E+00
  0.70967742E+00  0.67741935E+00  0.95895625E+00  0.99987135E+00
  0.70967742E+00  0.70967742E+00  0.63164276E+00  0.62374836E+00
  0.70967742E+00  0.74193548E+00  0.28830016E+00  0.47221245E+00
  0.70967742E+00  0.77419355E+00  0.92665615E+00  0.64822002E+00
  0.70967742E+00  0.80645161E+00  0.13247589E+00  0.49013441E+00
  0.70967742E+00  0.83870968E+00  0.85104642E+00  0.18696017E+00
  0.70967742E+00  0.87096774E+00  0.15866102E+00  0.39357748E+00
  0.70967742E+00  0.90322581E+00  0.34103591E-01  0.84597654E+00
  0.70967742E+00  0.93548387E+00  0.13013302E+00  0.97649190E+00
  0.70967742E+00  0.96774194E+00  0.54496755E+00  0.52903688E+00
  0.70967742E+00  0.10000000E+01  0.59376919E+00  0.17433793E+00
  0.74193548E+00  0.00000000E+00  0.20610722E+00  0.96669551E+00
  0.74193548E+00  0.32258065E-01  0.34802141E+00  0.94374476E+00
  0.74193548E+00  0.64516129E-01  0.74631967E-01  0.45824316E+00
  0.74193548E+00  0.96774194E-01  0.88560237E+00  0.50239393E+00
  0.74193548E+00  0.12903226E+00  0.93864089E+00  0.47830665E+00
  0.74193548E+00  0.16129032E+00  0.63348499E+00  0.62573166E+00
  0.74193548E+00  0.19354839E+00  0.19588571E+00  0.44979444E+00
  0.74193548E+00  0.22580645E+00  0.26159202E+00  0.14872999E+00
  0.74193548E+00  0.25806452E+00  0.46033522E+00  0.41617201E-01
  0.74193548E+00  0.29032258E+00  0.99981327E+00  0.99611321E+00
  0.74193548E+00  0.32258065E+00  0.24967522E+00  0.85618780E+00
  0.74193548E+00  0.35483871E+00  0.32550555E+00  0.86985777E+00
  0.74193548E+00  0.38709677E+00  0.67280857E+00  0.11692129E+00
  0.74193548E+00  0.41935484E+00  0.65099276E+00  0.93669233E+00
  0.74193548E+00  0.45161290E+00  0.11735517E+00  0.35573495E+00
  0.74193548E+00  0.48387097E+00  0.11065805E-01  0.51559775E+00
  0.74193548E+00  0.51612903E+00  0.93715196E+00  0.10054821E+00
  0.74193548E+00  0.54838710E+00  0.75048265E+00  0.76530709E+00
  0.74193548E+00  0.58064516E+00  0.13975292E+00  0.56278275E+00
  0.74193548E+00  0.61290323E+00  0.21146829E+00  0.37180559E+00
  0.74193548E+00  0.64516129E+00  0.73929075E-01  0.32486240E+00
  0.74193548E+00  0.67741935E+00  0.42121478E+00  0.23583071E+00
  0.74193548E+00  0.70967742E+00  0.11716848E+00  0.27713214E-01
  0.74193548E+00  0.74193548E+00  0.77938118E+00  0.16037210E+00
  0.74193548E+00  0.77419355E+00  0.36317623E+00  0.58263443E-01
  0.74193548E+00  0.80645161E+00  0.74559364E+00  0.53817159E+00
  0.74193548E+00  0.83870968E+00  0.30937448E+00  0.23694353E+00
  0.74193548E+00  0.87096774E+00  0.52694530E+00  0.39223236E-01
  0.74193548E+00  0.90322581E+00  0.54440242E+00  0.50518610E+00
  0.74193548E+00  0.93548387E+00  0.76549638E+00  0.29827327E+00
  0.74193548E+00  0.96774194E+00  0.43561626E+00  0.61292601E+00
  0.74193548E+00  0.10000000E+01  0.22577411E+00  0.60232012E+00
  0.77419355E+00  0.00000000E+00  0.29425224E+00  0.21562170E+00
  0.77419355E+00  0.32258065E-01  0.88169525E+00  0.86812802E+00
  0.77419355E+00  0.64516129E-01  0.66426536E+00  0.35161829E+00
  0.77419355E+00  0.96774194E-01  0.25707959E+00  0.76445375E+00
  0.77419355E+00  0.12903226E+00  0.32361957E+00  0.23471410E+00
  0.77419355E+00  0.16129032E+00  0.97221597E+00  0.16043177E+00
  0.77419355E+00  0.19354839E+00  0.15253283E+00  0.44982637E+00
  0.77419355E+00  0.22580645E+00  0.52051961E-01  0.76153901E+00
  0.77419355E+00  0.25806452E+00  0.49255732E+00  0.74486671E+00
  0.77419355E+00  0.29032258E+00  0.32661936E+00  0.27999677E+00
  0.77419355E+00  0.32258065E+00  0.83407945E+00  0.71824113E+00
  0.77419355E+00  0.35483871E+00  0.11853420E+00  0.12227075E+00
  0.77419355E+00  0.38709677E+00  0.50381986E+00  0.50635000E+00
  0.77419355E+00  0.41935484E+00  0.93049672E+00  0.76571028E-01
  0.77419355E+00  0.45161290E+00  0.35233343E+00  0.47108811E+00
  0.77419355E+00  0.48387097E+00  0.13279141E+00  0.35207057E-03
  0.77419355E+00  0.51612903E+00  0.44150924E+00  0.88734461E+00
  0.77419355E+00  0.54838710E+00  0.65078699E+00  0.50781272E+00
  0.77419355E+00  0.58064516E+00  0.73207062E+00  0.63050304E+00
  0.77419355E+00  0.61290323E+00  0.65243638E+00  0.65739622E+00
  0.77419355E+00  0.64516129E+00  0.77107514E+00  0.86394133E+00
  0.77419355E+00  0.67741935E+00  0.23577677E+00  0.63929019E+00
  0.77419355E+00  0.70967742E+00  0.37941456E+00  0.72653178E+00
  0.77419355E+00  0.74193548E+00  0.11642954E+00  0.46292661E+00
  0.77419355E+00  0.77419355E+00  0.33931490E+00  0.20141091E-01
  0.77419355E+00  0.80645161E+00  0.31510033E+00  0.64448189E+00
  0.77419355E+00  0.83870968E+00  0.81836409E-01  0.89713035E+00
  0.77419355E+00  0.87096774E+00  0.84507898E+00  0.89437680E+00
  0.77419355E+00  0.90322581E+00  0.37437354E+00  0.54785501E+00
  0.77419355E+00  0.93548387E+00  0.39973959E+00  0.80477649E+00
  0.77419355E+00  0.96774194E+00  0.81550050E-02  0.88816492E+00
  0.77419355E+00  0.10000000E+01  0.40040450E-01  0.53709051E+00
  0.80645161E+00  0.00000000E+00  0.87630213E+00  0.86976460E-01
  0.80645161E+00  0.32258065E-01  0.44352140E+00  0.73764496E+00
  0.80645161E+00  0.64516129E-01  0.11220747E+00  0.87310249E-01
  0.80645161E+00  0.96774194E-01  0.43314229E+00  0.69765987E+00
  0.80645161E+00  0.12903226E+00  0.20243290E+00  0.99280240E+00
  0.80645161E+00  0.16129032E+00  0.67049581E+00  0.31200185E+00
  0.80645161E+00  0.19354839E+00  0.75104138E+00  0.96241200E+00
  0.80645161E+00  0.22580645E+00  0.23005815E+00  0.27181078E+00
  0.80645161E+00  0.25806452E+00  0.97479728E+00  0.64133468E+00
  0.80645161E+00  0.29032258E+00  0.14275688E+00  0.59821308E+00
  0.80645161E+00  0.32258065E+00  0.39066640E+00  0.84850267E+00
  0.80645161E+00  0.35483871E+00  0.83471009E-01  0.32982177E+00
  0.80645161E+00  0.38709677E+00  0.50331595E+00  0.26408476E+00
  0.80645161E+00  0.41935484E+00  0.58530944E-01  0.21023642E+00
  0.80645161E+00  0.45161290E+00  0.49261454E+00  0.11698632E+00
  0.80645161E+00  0.48387097E+00  0.93218519E-01  0.37554319E+00
  0.80645161E+00  0.51612903E+00  0.90113223E+00  0.87234928E+00
  0.80645161E+00  0.54838710E+00  0.91926698E+00  0.41814786E-01
  0.80645161E+00  0.58064516E+00  0.32164045E+00  0.91905216E+00
  0.80645161E+00  0.61290323E+00  0.66236100E+00  0.19261052E+00
  0.80645161E+00  0.64516129E+00  0.84612089E-01  0.25721003E+00
  0.80645161E+00  0.67741935E+00  0.52963665E+00  0.26647625E+00
  0.80645161E+00  0.70967742E+00  0.94572143E+00  0.18567454E+00
  0.80645161E+00  0.74193548E+00  0.49718142E+00  0.84444442E+00
  0.80645161E+00  0.77419355E+00  0.77334418E+00  0.98953394E+00
  0.80645161E+00  0.80645161E+00  0.99753423E+00  0.33753405E+00
  0.80645161E+00  0.83870968E+00  0.23605745E+00  0.62761300E+00
  0.80645161E+00  0.87096774E+00  0.60718541E+00  0.67425071E+00
  0.80645161E+00  0.90322581E+00  0.49013979E+00  0.41997311E+00
  0.80645161E+00  0.93548387E+00  0.73407671E+00  0.98808656E+00
  0.80645161E+00  0.96774194E+00  0.86707114E+00  0.73541221E+00
  0.80645161E+00  0.10000000E+01  0.30510127E+00  0.30502034E+00
  0.83870968E+00  0.00000000E+00  0.43433766E+00  0.74384997E+00
  0.83870968E+00  0.32258065E-01  0.85273329E+00  0.24747807E+00
  0.83870968E+00  0.64516129E-01  0.19571846E+00  0.23991890E+00
  0.83870968E+00  0.96774194E-01  0.47777619E+00  0.77699952E+00
  0.83870968E+00  0.12903226E+00  0.64981568E+00  0.51006127E+00
  0.83870968E+00  0.16129032E+00  0.62065664E+00  0.55119416E+00
  0.83870968E+00  0.19354839E+00  0.27851373E+00  0.33847125E+00
  0.83870968E+00  0.22580645E+00  0.51248085E+00  0.50118301E+00
  0.83870968E+00  0.25806452E+00  0.23401560E+00  0.72507173E+00
  0.83870968E+00  0.29032258E+00  0.39842361E+00  0.61756587E+00
  0.83870968E+00  0.32258065E+00  0.26342923E-01  0.57301442E+00
  0.83870968E+00  0.35483871E+00  0.22522836E+00  0.63792130E+00
  0.83870968E+00  0.38709677E+00  0.21083590E+00  0.37617973E+00
  0.83870968E+00  0.41935484E+00  0.32870709E+00  0.73430661E+00
  0.83870968E+00  0.45161290E+00  0.75653361E-01  0.90667687E+00
  0.83870968E+00  0.48387097E+00  0.12124044E+00  0.20075787E+00
  0.83870968E+00  0.51612903E+00  0.32927272E+00  0.90234378E+00
  0.83870968E+00  0.54838710E+00  0.77927763E+00  0.14078993E+00
  0.83870968E+00  0.58064516E+00  0.78799001E+00  0.75424720E+00
  0.83870968E+00  0.61290323E+00  0.93083649E+00  0.15489638E+00
  0.83870968E+00  0.64516129E+00  0.63419852E-01  0.19418258E+00
  0.83870968E+00  0.67741935E+00  0.34300344E+00  0.28049566E-01
  0.83870968E+00  0.70967742E+00  0.24999549E+00  0.98217416E+00
  0.83870968E+00  0.74193548E+00  0.60943352E+00  0.41720061E+00
  0.83870968E+00  0.77419355E+00  0.61246875E+00  0.59397495E+00
  0.83870968E+00  0.80645161E+00  0.83785038E+00  0.53877939E+00
  0.83870968E+00  0.83870968E+00  0.27341007E+00  0.90856669E+00
  0.83870968E+00  0.87096774E+00  0.33754625E+00  0.85619453E+00
  0.83870968E+00  0.90322581E+00  0.90070851E+00  0.89565990E+00
  0.83870968E+00  0.93548387E+00  0.30688198E+00  0.76733343E+00
  0.83870968E+00  0.96774194E+00  0.39507171E+00  0.30319384E+00
  0.83870968E+00  0.10000000E+01  0.52078702E+00  0.29206225E+00
  0.87096774E+00  0.00000000E+00  0.27344046E+00  0.62898177E+00
  0.87096774E+00  0.32258065E-01  0.88072245E+00  0.43940146E+00
  0.87096774E+00  0.64516129E-01  0.74895410E+00  0.36339868E+00
  0.87096774E+00  0.96774194E-01  0.76991471E+00  0.17688259E+00
  0.87096774E+00  0.12903226E+00  0.64455144E+00  0.57226051E+00
  0.87096774E+00  0.16129032E+00  0.71696367E+00  0.83617234E+00
  0.87096774E+00  0.19354839E+00  0.80838742E+00  0.52722490E+00
  0.87096774E+00  0.22580645E+00  0.51179671E-01  0.15372632E+00
  0.87096774E+00  0.25806452E+00  0.72280278E+00  0.85142042E+00
  0.87096774E+00  0.29032258E+00  0.79808842E-01  0.61221082E-01
  0.87096774E+00  0.32258065E+00  0.19182405E+00  0.20694661E+00
  0.87096774E+00  0.35483871E+00  0.77553311E+00  0.37305412E+00
  0.87096774E+00  0.38709677E+00  0.28663556E-01  0.98237392E+00
  0.87096774E+00  0.41935484E+00  0.46397019E+00  0.47384388E+00
  0.87096774E+00  0.45161290E+00  0.74321940E+00  0.98024378E+00
  0.87096774E+00  0.48387097E+00  0.51117358E+00  0.59297496E-02
  0.87096774E+00  0.51612903E+00  0.22957549E+00  0.10456857E+00
  0.87096774E+00  0.54838710E+00  0.11132596E-01  0.55687208E+00
  0.87096774E+00  0.58064516E+00  0.45350151E+00  0.48331581E-01
  0.87096774E+00  0.61290323E+00  0.47327231E+00  0.34695216E+00
  0.87096774E+00  0.64516129E+00  0.13995295E+00  0.98098709E+00
  0.87096774E+00  0.67741935E+00  0.50995362E+00  0.91667222E+00
  0.87096774E+00  0.70967742E+00  0.46057110E+00  0.23596031E+00
  0.87096774E+00  0.74193548E+00  0.52397317E+00  0.81425544E+00
  0.87096774E+00  0.77419355E+00  0.72118300E+00  0.99814738E+00
  0.87096774E+00  0.80645161E+00  0.39606345E+00  0.28314595E+00
  0.87096774E+00  0.83870968E+00  0.49301522E-01  0.99141541E+00
  0.87096774E+00  0.87096774E+00  0.17239270E+00  0.94950884E+00
  0.87096774E+00  0.90322581E+00  0.81625314E-01  0.16610247E+00
  0.87096774E+00  0.93548387E+00  0.75206496E+00  0.50973011E+00
  0.87096774E+00  0.96774194E+00  0.65153881E+00  0.38651753E+00
  0.87096774E+00  0.10000000E+01  0.57462006E+00  0.41791676E+00
  0.90322581E+00  0.00000000E+00  0.65146411E+00  0.89648186E+00
  0.90322581E+00  0.32258065E-01  0.54505029E+00  0.57566458E-01
  0.90322581E+00  0.64516129E-01  0.95196768E+00  0.12802534E+00
  0.90322581E+00  0.96774194E-01  0.93068052E+00  0.35890612E+00
  0.90322581E+00  0.12903226E+00  0.90703203E-01  0.51412915E+00
  0.90322581E+00  0.16129032E+00  0.23908470E+00  0.36072182E+00
  0.90322581E+00  0.19354839E+00  0.26892912E-01  0.15905296E+00
  0.90322581E+00  0.22580645E+00  0.59569906E+00  0.15306726E+00
  0.90322581E+00  0.25806452E+00  0.22406203E+00  0.60519557E-01
  0.90322581E+00  0.29032258E+00  0.97401280E+00  0.56320930E+00
  0.90322581E+00  0.32258065E+00  0.33753876E+00  0.79721486E+00
  0.90322581E+00  0.35483871E+00  0.88306812E+00  0.84312794E+00
  0.90322581E+00  0.38709677E+00  0.90195428E+00  0.21628793E+00
  0.90322581E+00  0.41935484E+00  0.54960183E-01  0.35701631E+00
  0.90322581E+00  0.45161290E+00  0.18742734E-01  0.12085097E+00
  0.90322581E+00  0.48387097E+00  0.13233713E+00  0.26878066E+00
  0.90322581E+00  0.51612903E+00  0.43641272E-01  0.95747930E+00
  0.90322581E+00  0.54838710E+00  0.35590010E+00  0.22954039E+00
  0.90322581E+00  0.58064516E+00  0.27419000E+00  0.50371138E+00
  0.90322581E+00  0.61290323E+00  0.25190318E+00  0.65128030E-01
  0.90322581E+00  0.64516129E+00  0.63723201E+00  0.55554881E+00
  0.90322581E+00  0.67741935E+00  0.31965346E+00  0.46358925E+00
  0.90322581E+00  0.70967742E+00  0.37641338E+00  0.61495633E+00
  0.90322581E+00  0.74193548E+00  0.71901099E+00  0.66268285E+00
  0.90322581E+00  0.77419355E+00  0.73968315E+00  0.57736180E+00
  0.90322581E+00  0.80645161E+00  0.95788881E+00  0.13738076E+00
  0.90322581E+00  0.83870968E+00  0.66679335E+00  0.41915623E+00
  0.90322581E+00  0.87096774E+00  0.57975295E+00  0.28736805E+00
  0.90322581E+00  0.90322581E+00  0.47679899E+00  0.88519375E+00
  0.90322581E+00  0.93548387E+00  0.85112240E+00  0.12454293E+00
  0.90322581E+00  0.96774194E+00  0.55555804E+00  0.17629164E+00
  0.90322581E+00  0.10000000E+01  0.44906912E+00  0.96051674E+00
  0.93548387E+00  0.00000000E+00  0.30356078E+00  0.42313651E+00
  0.93548387E+00  0.32258065E-01  0.36900663E+00  0.53058471E+00
  0.93548387E+00  0.64516129E-01  0.61894060E+00  0.49951370E+00
  0.93548387E+00  0.96774194E-01  0.24642832E+00  0.48676414E+00
  0.93548387E+00  0.12903226E+00  0.29410857E+00  0.72131450E+00
  0.93548387E+00  0.16129032E+00  0.11317762E+00  0.80701545E+00
  0.93548387E+00  0.19354839E+00  0.82237364E+00  0.25324272E-01
  0.93548387E+00  0.22580645E+00  0.76696106E+00  0.63803918E+00
  0.93548387E+00  0.25806452E+00  0.97771493E+00  0.19003373E+00
  0.93548387E+00  0.29032258E+00  0.62990533E+00  0.81199119E+00
  0.93548387E+00  0.32258065E+00  0.50228171E+00  0.52313891E+00
  0.93548387E+00  0.35483871E+00  0.43605730E+00  0.53398269E+00
  0.93548387E+00  0.38709677E+00  0.79389344E+00  0.54904116E+00
  0.93548387E+00  0.41935484E+00  0.91888399E+00  0.69580170E-01
  0.93548387E+00  0.45161290E+00  0.59353970E+00  0.69634715E+00
  0.93548387E+00  0.48387097E+00  0.49877259E+00  0.43230548E+00
  0.93548387E+00  0.51612903E+00  0.67288030E+00  0.98536888E+00
  0.93548387E+00  0.54838710E+00  0.97053047E+00  0.71135771E-01
  0.93548387E+00  0.58064516E+00  0.52174516E+00  0.71562367E+00
  0.93548387E+00  0.61290323E+00  0.19088516E+00  0.55800353E+00
  0.93548387E+00  0.64516129E+00  0.35634399E-01  0.15333415E+00
  0.93548387E+00  0.67741935E+00  0.76598433E+00  0.27529655E+00
  0.93548387E+00  0.70967742E+00  0.20321829E+00  0.21892830E+00
  0.93548387E+00  0.74193548E+00  0.73889586E+00  0.10335796E+00
  0.93548387E+00  0.77419355E+00  0.79383727E+00  0.17453939E+00
  0.93548387E+00  0.80645161E+00  0.27710776E+00  0.10798620E+00
  0.93548387E+00  0.83870968E+00  0.45001946E-01  0.31150604E+00
  0.93548387E+00  0.87096774E+00  0.36002822E+00  0.22793505E+00
  0.93548387E+00  0.90322581E+00  0.34989310E+00  0.63787218E+00
  0.93548387E+00  0.93548387E+00  0.46648560E+00  0.96241360E+00
  0.93548387E+00  0.96774194E+00  0.94486165E+00  0.56588705E+00
  0.93548387E+00  0.10000000E+01  0.26222843E+00  0.58586252E-01
  0.96774194E+00  0.00000000E+00  0.54322288E+00  0.28338502E+00
  0.96774194E+00  0.32258065E-01  0.81368204E+00  0.78314797E+00
  0.96774194E+00  0.64516129E-01  0.40531610E+00  0.17017852E+00
  0.96774194E+00  0.96774194E-01  0.90747081E+00  0.57234736E+00
  0.96774194E+00  0.12903226E+00  0.30172862E+00  0.39931879E+00
  0.96774194E+00  0.16129032E+00  0.23339308E+00  0.45778506E+00
  0.96774194E+00  0.19354839E+00  0.28297317E+00  0.66700793E-01
  0.96774194E+00  0.22580645E+00  0.23766773E+00  0.17251731E+00
  0.96774194E+00  0.25806452E+00  0.36284980E+00  0.46441702E+00
  0.96774194E+00  0.29032258E+00  0.67355102E+00  0.48954783E+00
  0.96774194E+00  0.32258065E+00  0.20594595E+00  0.76825748E+00
  0.96774194E+00  0.35483871E+00  0.28883654E+00  0.90932790E+00
  0.96774194E+00  0.38709677E+00  0.81513639E+00  0.72520966E+00
  0.96774194E+00  0.41935484E+00  0.51335524E+00  0.34725626E+00
  0.96774194E+00  0.45161290E+00  0.21908326E+00  0.34095858E+00
  0.96774194E+00  0.48387097E+00  0.14647544E+00  0.82117920E+00
  0.96774194E+00  0.51612903E+00  0.15973602E+00  0.56738678E+00
  0.96774194E+00  0.54838710E+00  0.44602800E-01  0.13889048E+00
  0.96774194E+00  0.58064516E+00  0.77983153E+00  0.99007429E+00
  0.96774194E+00  0.61290323E+00  0.80868032E+00  0.58563141E+00
  0.96774194E+00  0.64516129E+00  0.31039398E+00  0.51579865E+00
  0.96774194E+00  0.67741935E+00  0.47168838E+00  0.61159078E+00
  0.96774194E+00  0.70967742E+00  0.75823490E+00  0.60034916E-01
  0.96774194E+00  0.74193548E+00  0.18614470E+00  0.51940490E+00
  0.96774194E+00  0.77419355E+00  0.59345319E+00  0.23445566E+00
  0.96774194E+00  0.80645161E+00  0.91160435E+00  0.15165760E+00
  0.96774194E+00  0.83870968E+00  0.43693512E+00  0.34430952E-01
  0.96774194E+00  0.87096774E+00  0.10215976E+00  0.57838019E+00
  0.96774194E+00  0.90322581E+00  0.74785427E+00  0.52652838E+00
  0.96774194E+00  0.93548387E+00  0.39394071E+00  0.78455154E+00
  0.96774194E+00  0.96774194E+00  0.51117161E+00  0.53601304E+00
  0.96774194E+00  0.10000000E+01  0.29261434E+00  0.35759797E+00
  0.10000000E+01  0.00000000E+00  0.27262519E+00  0.32614791E-02
  0.10000000E+01  0.32258065E-01  0.51203127E+00  0.62686586E+00
  0.10000000E+01  0.64516129E-01  0.54750546E+00  0.11370665E+00
  0.10000000E+01  0.96774194E-01  0.34784891E+00  0.33988530E-01
  0.10000000E+01  0.12903226E+00  0.74840366E+00  0.78725619E+00
  0.10000000E+01  0.16129032E+00  0.53503702E+00  0.53012865E+00
  0.10000000E+01  0.19354839E+00  0.52812599E+00  0.10403368E+00
  0.10000000E+01  0.22580645E+00  0.66654158E+00  0.96294216E+00
  0.10000000E+01  0.25806452E+00  0.91633208E-01  0.10110243E+00
  0.10000000E+01  0.29032258E+00  0.23121309E+00  0.98077469E+00
  0.10000000E+01  0.32258065E+00  0.88354060E+00  0.45996540E+00
  0.10000000E+01  0.35483871E+00  0.30130663E+00  0.72016158E+00
  0.10000000E+01  0.38709677E+00  0.27561800E+00  0.19406528E+00
  0.10000000E+01  0.41935484E+00  0.21998179E+00  0.49332786E+00
  0.10000000E+01  0.45161290E+00  0.25428977E+00  0.33628444E+00
  0.10000000E+01  0.48387097E+00  0.28880272E+00  0.47568824E+00
  0.10000000E+01  0.51612903E+00  0.10813484E+00  0.62644496E+00
  0.10000000E+01  0.54838710E+00  0.45523810E+00  0.39334716E+00
  0.10000000E+01  0.58064516E+00  0.11538664E+00  0.19880862E+00
  0.10000000E+01  0.61290323E+00  0.16114772E-03  0.21059873E+00
  0.10000000E+01  0.64516129E+00  0.23143319E+00  0.26957687E+00
  0.10000000E+01  0.67741935E+00  0.22534964E+00  0.81742678E+00
  0.10000000E+01  0.70967742E+00  0.77631701E+00  0.82439090E+00
  0.10000000E+01  0.74193548E+00  0.14098587E+00  0.71700481E+00
  0.10000000E+01  0.77419355E+00  0.12223518E+00  0.30583156E+00
  0.10000000E+01  0.80645161E+00  0.15315669E+00  0.71319604E+00
  0.10000000E+01  0.83870968E+00  0.38103931E+00  0.30091941E+00
  0.10000000E+01  0.87096774E+00  0.75135349E+00  0.59805339E+00
  0.10000000E+01  0.90322581E+00  0.91735577E-01  0.22861471E+00
  0.10000000E+01  0.93548387E+00  0.19597220E+00  0.83931945E+00
  0.10000000E+01  0.96774194E+00  0.90798467E+00  0.27317416E-01
  0.10000000E+01  0.10000000E+01  0.20581329E+00  0.26792653E+00
